8.46292	0.243462	-3.03151	-0.087211	8.46292	0.243462	8.6	0.25	-3.00029	0
8.3994	0.250105	-3.01856	-0.0824165	8.44818	0.251553	8.45	0.25	-3.00027	0
8.40951	0.278277	-1.32345	0.513223	8.56759	0.241943	8.45	0.25	0	0
8.38177	0.254337	-1.28804	0.0322322	8.45582	0.253997	8.45	0.25	0	0
8.30878	0.253129	-1.54097	-0.000929184	8.42544	0.254042	8.35	0.25	-1.81979	0
8.22794	0.249527	-1.53644	-0.0215155	8.23962	0.24916	8.25	0.25	-1.81978	0
8.02774	0.243183	-2.54412	-0.0620675	7.93286	0.188391	8.05	0.2	-3.99976	-0.99994
7.88972	0.185695	-2.55404	-0.287612	7.84073	0.159858	7.85	0.15	-3.99972	-0.99993
7.71639	0.175064	-2.84417	-0.273652	7.61269	0.155818	7.7	0.15	-2.99982	0
7.56808	0.160708	-2.85379	-0.275638	7.54016	0.159641	7.55	0.15	-2.99982	0
7.46654	0.142644	-2.4445	-0.281698	7.50815	0.0953827	7.45	0.100001	-1.8165	-0.908239
7.33453	0.0770865	-2.43924	-0.42438	7.3426	0.0345312	7.35	0.0500011	-1.81648	-0.90823
7.18288	0.0556325	-2.58719	-0.419136	7.20598	0.00492725	7.2	9.49949e-07	-2.72851	-0.909507
7.04326	-0.00994274	-2.58268	-0.528638	7.05406	-0.0533413	7.05	-0.0499992	-2.72849	-0.909499
6.93476	-0.0455538	-2.22138	-0.549349	6.74585	-0.143185	6.95	-0.15	-1.81898	-1.81898
6.81885	-0.160218	-2.2117	-0.755905	6.84972	-0.258748	6.85	-0.25	-1.81896	-1.81897
6.71389	-0.200262	-2.14882	-0.763685	6.66966	-0.346668	6.75	-0.349999	-2.00076	-2.00075
6.61122	-0.334162	-2.14518	-0.994191	6.64329	-0.462604	6.65	-0.449999	-2.00076	-2.00075
6.57822	-0.404495	-1.62636	-1.07263	6.60862	-0.557035	6.6	-0.549999	-0.998836	-1.99769
6.50465	-0.536066	-1.61804	-1.25979	6.56029	-0.650892	6.55	-0.65	-0.99884	-1.99769
6.4741	-0.628079	-1.16151	-1.35473	6.40696	-0.842921	6.5	-0.85	-0.908747	-3.63498
6.41058	-0.844389	-1.17725	-1.69698	6.45805	-1.05268	6.45	-1.05	-0.908739	-3.63494
6.33637	-0.931271	-1.29702	-1.66311	6.38626	-1.15695	6.35	-1.15	-1.81897	-1.81898
6.25573	-1.11525	-1.33104	-1.88731	6.25499	-1.25007	6.25	-1.25	-1.81896	-1.81896
6.34066	-1.30649	-0.220604	-2.28079	6.43125	-1.48148	6.3	-1.45	0.909739	-3.63894
6.32436	-1.52056	-0.246819	-2.49513	6.36328	-1.65656	6.35	-1.65	0.909727	-3.63891
6.28913	-1.6263	-0.466875	-2.39507	6.3228	-1.81431	6.3	-1.8	-0.999494	-2.9985
6.25059	-1.82596	-0.517806	-2.58795	6.24641	-1.95075	6.25	-1.95	-0.999489	-2.99847
6.29887	-2.01317	0.0261045	-2.87134	6.31851	-2.10969	6.3	-2.1	0.999984	-2.99994
6.30314	-2.18392	0.0244466	-2.93573	6.34644	-2.23829	6.35	-2.25	0.999979	-2.99994
6.29995	-2.33948	-0.0378361	-2.89834	6.32593	-2.40018	6.35	-2.4	0	-2.72613
6.30369	-2.51446	-0.0299566	-2.93454	6.34927	-2.55175	6.35	-2.55	0	-2.72611
6.34526	-2.7112	0.265212	-3.11699	6.43125	-2.71878	6.4	-2.7	0.909499	-2.72851
6.37844	-2.86133	0.310765	-3.06522	6.43257	-2.84245	6.45	-2.85	0.909503	-2.72851
6.39214	-3.01006	0.259535	-3.02877	6.46536	-3.00452	6.45	-3	0	-2.99754
6.41383	-3.15399	0.280144	-3.00991	6.44119	-3.14955	6.45	-3.15	0	-2.99754
6.4586	-3.34516	0.48663	-3.15385	6.52249	-3.32007	6.5	-3.3	0.910402	-2.7312
6.50473	-3.49095	0.535956	-3.08774	6.5453	-3.45745	6.55	-3.45	0.910402	-2.7312
6.56734	-3.69199	0.790539	-3.2742	6.6358	-3.59197	6.65	-3.6	1.81722	-2.72583
6.65775	-3.81543	0.907425	-3.13709	6.76011	-3.75457	6.75	-3.75	1.81721	-2.72581
6.70741	-3.98456	0.858711	-3.09746	6.83625	-3.92723	6.8	-3.9	0.907988	-2.72396
6.79046	-4.11012	0.948208	-2.98883	6.85997	-4.05805	6.85	-4.05	0.907976	-2.72393
6.83488	-4.26751	0.895807	-2.9486	6.86943	-4.18507	6.9	-4.2	0.909334	-2.72801
6.90816	-4.39403	0.957274	-2.86304	6.94332	-4.34473	6.95	-4.35	0.90933	-2.72799
6.93716	-4.52692	0.733388	-2.68611	7.05156	-4.49706	7	-4.45	0.910054	-1.8201
7.00754	-4.62527	0.811563	-2.5682	7.04099	-4.55018	7.05	-4.55	0.910054	-1.8201
7.05676	-4.77075	0.852048	-2.59942	7.10252	-4.67934	7.1	-4.7	0.908302	-2.72489
7.12082	-4.89116	0.895056	-2.54461	7.14735	-4.86125	7.15	-4.85	0.908297	-2.72489
7.21441	-5.07031	1.19476	-2.78459	7.3138	-5.05204	7.25	-5	1.81907	-2.72861
7.29443	-5.19754	1.23259	-2.72291	7.30424	-5.15404	7.35	-5.15	1.81907	-2.72861
7.34635	-5.33449	1.16289	-2.66652	7.29446	-5.23429	7.4	-5.3	0.908194	-2.7246
7.42332	-5.46762	1.19448	-2.63312	7.44737	-5.45308	7.45	-5.45	0.90819	-2.72457
7.49823	-5.61882	1.21073	-2.64491	7.63082	-5.61863	7.55	-5.55	1.81974	-1.81974
7.59707	-5.72309	1.29152	-2.54565	7.64356	-5.66706	7.65	-5.65	1.81972	-1.81972
7.65226	-5.84992	1.22256	-2.48859	7.60376	-5.74774	7.7	-5.8	0.90983	-2.72951
7.72732	-5.97425	1.24286	-2.45883	7.7342	-5.95374	7.75	-5.95	0.909826	-2.72948
7.832	-6.13794	1.58461	-2.7522	7.82165	-6.06822	7.85	-6.1	1.9986	-2.9979
7.92696	-6.26016	1.62261	-2.71402	7.95703	-6.24328	7.95	-6.25	1.99858	-2.99787
8.01065	-6.40184	1.50661	-2.61128	8.17338	-6.44684	8.05	-6.35	1.81738	-1.81739
8.12189	-6.50875	1.57774	-2.52244	8.15891	-6.45335	8.15	-6.45	1.81737	-1.81737
8.18395	-6.62624	1.46057	-2.42222	8.08628	-6.51855	8.2	-6.6	0.909293	-2.72787
8.26294	-6.75703	1.45826	-2.417	8.25411	-6.74791	8.25	-6.75	0.909293	-2.72787
8.33501	-6.88359	1.45664	-2.41639	8.25648	-6.78122	8.35	-6.85	1.81994	-1.81993
8.43025	-6.9944	1.49529	-2.36366	8.44494	-6.95805	8.45	-6.95	1.81993	-1.81993
8.4908	-7.10047	1.44815	-2.32278	8.39359	-7.01743	8.5	-7.1	1.00006	-3.00018
8.55621	-7.2267	1.4303	-2.34701	8.54925	-7.24433	8.55	-7.25	1.00006	-3.00018
8.66149	-7.37695	1.68286	-2.5761	8.64403	-7.39047	8.65	-7.4	1.99807	-2.99712
8.7388	-7.51787	1.66462	-2.60451	8.73559	-7.5421	8.75	-7.55	1.99808	-2.99712
8.80155	-7.6313	1.3989	-2.35822	8.87176	-7.71912	8.8	-7.65	0.909955	-1.8199
8.87023	-7.76308	1.38033	-2.36477	8.84538	-7.75497	8.85	-7.75	0.909946	-1.81988
8.94408	-7.8867	1.43626	-2.4175	8.88333	-7.88636	8.9	-7.9	0.999086	-2.9973
8.99733	-8.02334	1.39143	-2.45655	8.95966	-8.0381	8.95	-8.05	0.999095	-2.9973
9.0273	-8.11239	1.12464	-2.20234	8.8564	-8.01424	9	-8.15	0.909309	-1.8186
9.0797	-8.24003	1.10217	-2.2189	9.05896	-8.24314	9.05	-8.25	0.909301	-1.81859
9.15975	-8.37626	1.25648	-2.36842	9.17781	-8.47056	9.1	-8.4	1.0004	-3.00119
9.19736	-8.51858	1.19489	-2.42726	9.15332	-8.54857	9.15	-8.55	1.00038	-3.00117
9.24163	-8.62862	1.0193	-2.25204	9.22922	-8.6898	9.2	-8.65	0.909508	-1.819
9.28114	-8.76355	0.979864	-2.2802	9.24541	-8.76863	9.25	-8.75	0.9095	-1.81899
9.4086	-8.9635	1.56742	-2.87652	9.37748	-9.00609	9.35	-8.95	1.99965	-3.99928
9.47048	-9.12528	1.52631	-2.9199	9.44703	-9.15328	9.45	-9.15	1.99964	-3.99928
9.51294	-9.23312	1.26805	-2.65136	9.50096	-9.25642	9.5	-9.25	0.999584	-1.99917
9.56843	-9.36598	1.25042	-2.65365	9.54157	-9.35195	9.55	-9.35	0.999584	-1.99917
9.60395	-9.46947	1.09649	-2.49295	9.47534	-9.42627	9.55	-9.5	0	-3.00023
9.6217	-9.62255	1.00692	-2.56393	9.54779	-9.64959	9.55	-9.65	0	-3.0002
9.68948	-9.77046	1.10421	-2.6689	9.69942	-9.88416	9.6	-9.8	0.999005	-2.997
9.71395	-9.92385	1.03058	-2.71928	9.64606	-9.9341	9.65	-9.95	0.998995	-2.997
9.73541	-10.0324	0.818131	-2.48485	9.60087	-9.96395	9.7	-10.05	0.909855	-1.81969
9.77177	-10.1659	0.799406	-2.47964	9.73801	-10.1396	9.75	-10.15	0.909847	-1.81969
9.82495	-10.3037	0.822594	-2.50433	9.92627	-10.4745	9.75	-10.3	0	-3.00065
9.82921	-10.4541	0.733607	-2.56752	9.75524	-10.4732	9.75	-10.45	0	-3.00063
9.8676	-10.5951	0.784602	-2.62779	9.71825	-10.5087	9.8	-10.6	0.90817	-2.72451
9.89149	-10.7506	0.738388	-2.65543	9.85048	-10.7526	9.85	-10.75	0.908161	-2.72448
9.91439	-10.8735	0.592618	-2.4837	9.88465	-10.9383	9.85	-10.9	0	-2.73074
9.9098	-11.0321	0.503247	-2.53948	9.83614	-11.041	9.85	-11.05	0	-2.73073
9.93293	-11.1572	0.508899	-2.54701	9.83952	-11.1692	9.85	-11.2	0	-2.99965
9.91713	-11.3154	0.408064	-2.62296	9.84568	-11.3496	9.85	-11.35	0	-2.99961
9.94087	-11.4507	0.416228	-2.63312	9.87961	-11.5637	9.85	-11.5	0	-2.99843
9.91763	-11.6103	0.309606	-2.70295	9.83206	-11.6307	9.85	-11.65	0	-2.99843
9.8948	-11.6885	-0.0252241	-2.26887	9.85311	-11.8523	9.8	-11.75	-1.0003	-2.00061
9.84584	-11.8295	-0.140308	-2.33865	9.74928	-11.8442	9.75	-11.85	-1.00029	-2.00059
9.83656	-11.9444	-0.132025	-2.35072	9.69694	-11.9706	9.7	-12	-1.0004	-3.00119
9.76725	-12.1043	-0.285382	-2.45531	9.65354	-12.1497	9.65	-12.15	-1.00039	-3.00116
9.73996	-12.2037	-0.44136	-2.23676	9.72311	-12.3964	9.6	-12.25	-0.999885	-1.99981
9.66333	-12.3429	-0.57281	-2.3065	9.54859	-12.3478	9.55	-12.35	-0.999884	-1.99979
9.5956	-12.3962	-0.837791	-1.92576	9.39039	-12.3902	9.45	-12.45	-1.99803	-1.99805
9.48863	-12.5284	-0.995832	-2.01533	9.36086	-12.5501	9.35	-12.55	-1.99804	-1.99804
9.43138	-12.6347	-1.01954	-1.97981	9.34456	-12.7106	9.3	-12.65	-0.909773	-1.81953
9.32456	-12.7656	-1.1422	-2.03615	9.22134	-12.7613	9.25	-12.75	-0.909773	-1.81954
9.22815	-12.7924	-1.50727	-1.46213	9.15326	-13.0031	9.05	-12.85	-3.99257	-1.99629
9.04442	-12.9213	-1.77113	-1.60024	8.84161	-12.9519	8.85	-12.95	-3.99253	-1.99627
8.92492	-12.9677	-1.91151	-1.36671	8.71632	-12.9613	8.75	-13	-1.8213	-0.910651
8.76855	-13.0605	-2.03547	-1.41272	8.66358	-13.0431	8.65	-13.05	-1.8213	-0.910651
8.64643	-13.0874	-2.21007	-1.1056	8.54518	-13.1702	8.5	-13.1	-2.997	-0.999005
8.47597	-13.1652	-2.35501	-1.163	8.35763	-13.1557	8.35	-13.15	-2.997	-0.998995
8.31645	-13.161	-2.59805	-0.710848	8.22926	-13.1698	8.2	-13.15	-2.72741	0
8.13214	-13.2038	-2.6961	-0.724621	8.03583	-13.1513	8.05	-13.15	-2.72742	0
7.96113	-13.1955	-2.82421	-0.4786	7.82914	-13.0525	7.9	-13.15	-2.72986	0
7.79797	-13.213	-2.84111	-0.460924	7.76538	-13.1647	7.75	-13.15	-2.72986	0
7.66877	-13.268	-2.7403	-0.666679	7.66146	-13.3079	7.6	-13.2	-2.9979	-0.999304
7.50787	-13.299	-2.79561	-0.665284	7.44786	-13.2517	7.45	-13.25	-2.9979	-0.999304
7.32986	-13.2783	-2.93502	-0.367583	7.21108	-13.0985	7.3	-13.25	-2.72846	0
7.17165	-13.286	-2.92481	-0.341039	7.16011	-13.2382	7.15	-13.25	-2.72844	0
6.98854	-13.2094	-3.1587	0.183803	6.88472	-12.9588	7	-13.2	-2.99784	0.999284
6.84191	-13.1876	-3.12877	0.211421	6.84891	-13.1493	6.85	-13.15	-2.99784	0.999284
6.66773	-13.163	-3.18686	0.354201	6.77424	-13.2337	6.7	-13.1	-2.72787	0.909275
6.52328	-13.1212	-3.10898	0.404568	6.55759	-13.0679	6.55	-13.05	-2.72787	0.909284
6.35938	-13.1228	-3.03792	0.227703	6.40137	-13.0799	6.4	-13.05	-2.72678	0
6.22324	-13.0917	-2.96039	0.270078	6.26174	-13.0534	6.25	-13.05	-2.72678	0
6.05325	-13.0532	-3.01994	0.425008	6.10143	-13.0076	6.1	-13	-2.72966	0.909888
5.91514	-13.008	-2.94914	0.473708	5.94198	-12.9494	5.95	-12.95	-2.72963	0.90988
5.74194	-12.894	-3.17548	1.09206	5.79854	-12.8478	5.8	-12.85	-2.99777	1.99851
5.61699	-12.8127	-3.08876	1.15054	5.65107	-12.7365	5.65	-12.75	-2.99778	1.99852
5.44953	-12.7681	-3.01729	0.94212	5.50547	-12.5721	5.55	-12.7	-1.81798	0.908995
5.3472	-12.6901	-2.85998	1.00306	5.43839	-12.652	5.45	-12.65	-1.81799	0.908995
5.17503	-12.5819	-2.97819	1.34839	5.27506	-12.4782	5.3	-12.55	-2.72627	1.81753
5.06002	-12.4898	-2.85786	1.39036	5.1307	-12.4684	5.15	-12.45	-2.72625	1.8175
4.90361	-12.4139	-2.85954	1.39744	5.04446	-12.3808	5.05	-12.35	-1.8199	1.81989
4.82422	-12.3047	-2.66722	1.47196	4.92985	-12.2499	4.95	-12.25	-1.81991	1.8199
4.67847	-12.1928	-2.72816	1.65463	4.75061	-11.9803	4.85	-12.15	-1.99928	1.99929
4.62722	-12.0849	-2.51913	1.71525	4.75915	-12.0666	4.75	-12.05	-1.99928	1.99928
4.48375	-11.9707	-2.56592	1.86337	4.69113	-11.9084	4.7	-11.9	-0.908236	2.72471
4.46765	-11.8208	-2.25704	1.97347	4.64378	-11.7442	4.65	-11.75	-0.908231	2.7247
4.35271	-11.7434	-2.17791	1.73626	4.59746	-11.6205	4.6	-11.65	-0.909847	1.81971
4.36167	-11.6086	-1.86256	1.83128	4.54975	-11.5706	4.55	-11.55	-0.909843	1.81969
4.23573	-11.4125	-2.12584	2.60179	4.47442	-11.3673	4.5	-11.35	-1.0008	4.0032
4.25707	-11.2339	-1.81137	2.71663	4.44059	-11.1496	4.45	-11.15	-1.0008	4.00321
4.18278	-11.1552	-1.61953	2.18786	4.43713	-11.024	4.45	-11.05	0	1.81614
4.23877	-10.9869	-1.26396	2.3049	4.45136	-10.93	4.45	-10.95	0	1.81612
4.17004	-10.8609	-1.26678	2.31517	4.44745	-10.786	4.45	-10.8	0	2.72555
4.24505	-10.6879	-0.913656	2.42957	4.45788	-10.6457	4.45	-10.65	0	2.72554
4.20182	-10.5692	-0.890276	2.37612	4.46329	-10.5756	4.45	-10.5	0	2.729
4.27185	-10.3949	-0.599769	2.48505	4.44057	-10.3382	4.45	-10.35	0	2.72898
4.24911	-10.2785	-0.548237	2.37148	4.51895	-10.2367	4.5	-10.2	0.908962	2.72687
4.3544	-10.0987	-0.218631	2.49687	4.54925	-10.0439	4.55	-10.05	0.908954	2.72685
4.35172	-9.9788	-0.183373	2.42606	4.63224	-9.9707	4.6	-9.9	0.909756	2.72927
4.4626	-9.79924	0.110163	2.54497	4.63755	-9.74952	4.65	-9.75	0.909752	2.72926
4.46064	-9.64344	0.0860788	2.59343	4.60757	-9.4335	4.7	-9.6	0.90859	2.72578
4.57447	-9.46615	0.34828	2.68794	4.74589	-9.4609	4.75	-9.45	0.908586	2.72576
4.62337	-9.36317	0.497769	2.43059	4.89179	-9.39473	4.85	-9.3	1.81967	2.72952
4.76982	-9.18077	0.784598	2.55968	4.94849	-9.13867	4.95	-9.15	1.81967	2.72951
4.83227	-9.0792	0.934079	2.33201	4.95209	-8.96272	5	-9.05	0.999884	1.99977
4.93757	-8.94372	1.07325	2.38654	5.04121	-8.94979	5.05	-8.95	0.999874	1.99974
5.01248	-8.83432	1.13619	2.29402	5.20806	-8.88942	5.15	-8.8	1.81805	2.72708
5.15059	-8.6714	1.31738	2.39157	5.26887	-8.63564	5.25	-8.65	1.81803	2.72705
5.24826	-8.58521	1.49773	2.1551	5.3785	-8.56768	5.35	-8.55	1.99956	1.99957
5.37063	-8.45266	1.61101	2.22126	5.44864	-8.42738	5.45	-8.45	1.99954	1.99954
5.47601	-8.35013	1.68136	2.133	5.56465	-8.44845	5.5	-8.35	0.909045	1.81807
5.55733	-8.23873	1.65486	2.11709	5.53862	-8.24357	5.55	-8.25	0.909045	1.81808
5.64633	-8.11785	1.66112	2.11231	5.64921	-8.02513	5.7	-8.1	2.72608	2.72608
5.78027	-7.97713	1.76197	2.17755	5.85094	-7.95601	5.85	-7.95	2.72606	2.72606
5.89009	-7.86788	1.84028	2.09454	5.93492	-7.84119	5.95	-7.85	1.81801	1.81801
6.01547	-7.7401	1.89695	2.12898	6.05986	-7.73559	6.05	-7.75	1.81802	1.81801
6.12591	-7.6279	1.93186	2.09434	6.13741	-7.63243	6.15	-7.65	1.81798	1.81798
6.23618	-7.51801	1.9401	2.08373	6.25659	-7.54336	6.25	-7.55	1.81798	1.81798
6.35646	-7.41519	2.00831	2.01881	6.39143	-7.46358	6.35	-7.45	1.82027	1.82027
6.45493	-7.32274	1.97907	1.97427	6.452	-7.36418	6.45	-7.35	1.82025	1.82025
6.57782	-7.23472	2.18341	1.7995	6.47916	-7.09783	6.6	-7.25	2.99862	1.99908
6.70689	-7.13687	2.22855	1.82326	6.7556	-7.14598	6.75	-7.15	2.99862	1.99908
6.78564	-7.00599	1.98676	2.02191	6.68682	-6.93297	6.8	-7.05	0.908005	1.816
6.87959	-6.91369	1.94975	1.97455	6.86356	-6.94732	6.85	-6.95	0.908	1.81601
7.03084	-6.83452	2.20065	1.7764	7.08741	-6.92602	7	-6.85	2.72856	1.81904
7.1515	-6.74056	2.19943	1.76795	7.15695	-6.75136	7.15	-6.75	2.72854	1.81902
7.25155	-6.63426	2.03846	1.88317	7.29976	-6.68807	7.25	-6.65	1.8202	1.8202
7.35757	-6.54099	2.02397	1.85828	7.35505	-6.56058	7.35	-6.55	1.82018	1.82018
7.52921	-6.48623	2.47111	1.54839	7.53544	-6.5372	7.5	-6.5	2.99964	0.999884
7.64728	-6.42528	2.45664	1.50935	7.65664	-6.46417	7.65	-6.45	2.99964	0.999884
7.77198	-6.33532	2.41308	1.53875	7.67559	-6.34628	7.75	-6.4	1.81709	0.908549
7.87835	-6.29103	2.3502	1.43855	7.85193	-6.35845	7.85	-6.35	1.81709	0.908545
8.01135	-6.21546	2.35289	1.4354	8.03231	-6.28406	8	-6.25	2.72931	1.81954
8.13876	-6.13997	2.34832	1.42705	8.13749	-6.14586	8.15	-6.15	2.72928	1.81952
8.22357	-6.05294	2.14062	1.55125	8.21488	-6.01843	8.25	-6.05	1.99977	1.99976
8.33522	-5.96548	2.15192	1.57533	8.33626	-5.94674	8.35	-5.95	1.99977	1.99976
8.49893	-5.89799	2.45751	1.40464	8.50318	-5.89335	8.5	-5.9	2.72796	0.909326
8.6353	-5.83208	2.45869	1.37875	8.65894	-5.86309	8.65	-5.85	2.72796	0.909321
8.73215	-5.74177	2.18338	1.52375	8.77185	-5.74314	8.75	-5.75	1.81776	1.81775
8.85447	-5.65249	2.18875	1.53704	8.85444	-5.64273	8.85	-5.65	1.81774	1.81773
8.95158	-5.57255	2.07056	1.59492	9.02394	-5.6024	8.95	-5.55	1.99657	1.99656
9.05839	-5.47996	2.07883	1.62542	9.05088	-5.45385	9.05	-5.45	1.99654	1.99655
9.20423	-5.39706	2.37849	1.4882	9.04088	-5.29691	9.2	-5.4	2.72728	0.909094
9.33552	-5.31831	2.37911	1.48102	9.34223	-5.32623	9.35	-5.35	2.72727	0.90909
9.41991	-5.22142	2.07085	1.61718	9.39579	-5.21659	9.45	-5.25	1.81816	1.81815
9.53813	-5.13032	2.08022	1.62329	9.55303	-5.13194	9.55	-5.15	1.81813	1.81813
9.64329	-5.04154	1.95059	1.6748	9.75019	-5.14652	9.65	-5.05	1.82036	1.82036
9.75403	-4.94209	1.9589	1.69327	9.7586	-4.93134	9.75	-4.95	1.82036	1.82037
9.8481	-4.84654	1.82826	1.74298	9.9198	-4.86941	9.85	-4.85	1.81578	1.81577
9.95109	-4.74723	1.83341	1.75137	9.95641	-4.74358	9.95	-4.75	1.81575	1.81575
10.023	-4.64225	1.66294	1.81463	10.0029	-4.54771	10.05	-4.6	1.82039	2.7306
10.1288	-4.50561	1.69644	1.90581	10.1428	-4.45119	10.15	-4.45	1.8204	2.7306
10.2068	-4.39597	1.61947	1.93247	10.1981	-4.26556	10.25	-4.3	1.81769	2.72652
10.3211	-4.23557	1.67644	2.06706	10.3644	-4.16342	10.35	-4.15	1.81768	2.7265
10.455	-4.13192	1.89842	2.00092	10.5985	-4.12247	10.45	-4.05	1.81792	1.81792
10.5622	-3.99385	1.90611	2.06869	10.5415	-3.9454	10.55	-3.95	1.8179	1.8179
10.6612	-3.88002	1.84809	2.08339	10.7092	-3.85166	10.65	-3.85	1.81903	1.81904
10.7638	-3.75955	1.85045	2.09789	10.7616	-3.75002	10.75	-3.75	1.81902	1.81903
10.806	-3.63606	1.44689	2.19408	10.795	-3.60617	10.8	-3.6	0.909773	2.72931
10.883	-3.49661	1.44295	2.23919	10.8527	-3.46164	10.85	-3.45	0.909764	2.72928
10.9844	-3.38666	1.67119	2.19173	10.9584	-3.30584	10.95	-3.3	1.99953	2.99928
11.0716	-3.23182	1.68117	2.30182	11.0447	-3.1561	11.05	-3.15	1.9995	2.99925
11.1091	-3.10098	1.30588	2.36849	11.1178	-2.98807	11.1	-3	0.907725	2.72317
11.1804	-2.93144	1.30611	2.46323	11.1427	-2.86566	11.15	-2.85	0.907708	2.72314
11.2212	-2.79259	1.13857	2.48993	11.1491	-2.68183	11.2	-2.7	0.908929	2.72678
11.2838	-2.61625	1.13938	2.58572	11.2525	-2.55311	11.25	-2.55	0.908929	2.72678
11.213	-2.47095	0.260796	2.69144	11.1188	-2.36202	11.2	-2.4	-0.909276	2.72782
11.2184	-2.2991	0.242931	2.74837	11.1594	-2.25598	11.15	-2.25	-0.909276	2.72782
11.3179	-2.14374	0.916435	2.68714	11.2029	-2.09837	11.25	-2.1	1.81915	2.72871
11.3671	-1.98109	0.914024	2.72344	11.3525	-1.95787	11.35	-1.95	1.81913	2.72869
11.3658	-1.83267	0.588679	2.74411	11.3011	-1.79507	11.35	-1.8	0	2.73035
11.3871	-1.6795	0.566342	2.74872	11.3326	-1.67041	11.35	-1.65	0	2.73033
11.31	-1.54362	-0.03749	2.77574	11.0622	-1.44342	11.3	-1.5	-0.999165	2.99748
11.3013	-1.3874	-0.0513384	2.81736	11.2595	-1.35818	11.25	-1.35	-0.999155	2.99745
11.2468	-1.23611	-0.376018	2.82175	11.1658	-1.23674	11.2	-1.25	-0.909822	1.81964
11.2119	-1.11413	-0.403224	2.73925	11.1524	-1.15803	11.15	-1.15	-0.909822	1.81964
11.0772	-0.984747	-1.09984	2.73907	10.8534	-0.929069	11.05	-0.95	-1.99817	3.99632
11.0136	-0.801089	-1.11848	2.85248	10.9584	-0.728742	10.95	-0.75	-1.99816	3.99632
10.9572	-0.640947	-1.02878	2.85802	10.8608	-0.663121	10.9	-0.649999	-0.908549	1.8171
10.8939	-0.51233	-1.0405	2.78718	10.8648	-0.553034	10.85	-0.549999	-0.908532	1.81708
10.7941	-0.368258	-1.37878	2.76374	10.8451	-0.437482	10.75	-0.45	-1.8174	1.81738
10.707	-0.270556	-1.39763	2.62967	10.6542	-0.347474	10.65	-0.35	-1.8174	1.81738
10.532	-0.143956	-2.09259	2.57442	10.5062	-0.245062	10.5	-0.25	-2.72796	1.81864
10.4049	-0.063851	-2.1121	2.42307	10.3438	-0.150982	10.35	-0.15	-2.72796	1.81864
10.3216	0.0715142	-1.97108	2.4323	10.4884	-0.0812124	10.25	-0.0999996	-1.81964	0.909826
10.205	0.100257	-1.97912	2.17474	10.1537	-0.0482457	10.15	-0.0499992	-1.81963	0.909818
10.0434	0.212162	-2.29202	2.1452	9.92588	0.00395802	10	9.49949e-07	-2.73049	0.910169
9.91049	0.207982	-2.29602	1.84587	9.85676	0.0351738	9.85	0.0500011	-2.73047	0.910161
9.74486	0.304763	-2.51579	1.82549	9.63973	0.0585714	9.7	0.0500011	-2.72439	0
9.60139	0.252844	-2.51391	1.45179	9.54669	0.0374948	9.55	0.0500011	-2.72438	0
9.43287	0.330147	-2.66559	1.43994	9.32242	0.112393	9.4	0.100001	-2.72773	0.90923
9.28308	0.303325	-2.66489	1.17999	9.24446	0.153574	9.25	0.15	-2.7277	0.909222
9.12435	0.367369	-2.71291	1.1761	9.0614	0.20077	9.1	0.2	-2.72652	0.908843
8.97314	0.360843	-2.71254	1.00143	8.94752	0.260272	8.95	0.25	-2.72653	0.908843
8.87472	0.421881	-2.35803	1.03151	8.90199	0.247143	8.85	0.25	-1.81847	0
8.75125	0.388723	-2.34032	0.811551	8.76016	0.263752	8.75	0.25	-1.81846	0
8.5355	0.423921	-2.92241	0.763326	8.46355	0.258809	8.55	0.25	-3.6326	0
8.37466	0.37727	-2.91743	0.546052	8.35367	0.252596	8.35	0.25	-3.6326	0
8.21018	0.407889	-2.85108	0.551065	8.05161	0.241868	8.2	0.25	-2.72841	0
8.05674	0.358765	-2.84071	0.356569	8.05411	0.247878	8.05	0.25	-2.72842	0
7.90285	0.378832	-2.75251	0.361591	7.78653	0.205765	7.9	0.2	-2.72708	-0.909025
7.7541	0.292552	-2.74303	0.10149	7.74339	0.144028	7.75	0.15	-2.72705	-0.909016
7.61945	0.297538	-2.71437	0.100371	7.77346	0.0969346	7.6	0.100001	-2.73169	-0.910554
7.47105	0.19568	-2.71043	-0.1628	7.45362	0.0452052	7.45	0.0500011	-2.73169	-0.910554
7.29833	0.188048	-2.89327	-0.164417	7.15329	0.0425189	7.3	0.0500011	-2.99789	0
7.15715	0.118423	-2.88584	-0.315038	7.16618	0.0287673	7.15	0.0500011	-2.9979	0
7.07418	0.0966291	-2.39292	-0.322747	7.17215	-0.0469302	7.05	-0.0499995	-1.81811	-1.81813
6.94592	-0.0143	-2.38712	-0.551308	6.95426	-0.147757	6.95	-0.15	-1.8181	-1.81811
6.8477	-0.049675	-2.13853	-0.566693	6.83008	-0.250179	6.85	-0.25	-1.81646	-1.81646
6.73591	-0.190337	-2.13019	-0.834945	6.76395	-0.345347	6.75	-0.35	-1.81645	-1.81645
6.66303	-0.245008	-1.86487	-0.864867	6.74798	-0.457727	6.65	-0.45	-1.81901	-1.819
6.55623	-0.405993	-1.88081	-1.1429	6.54569	-0.565853	6.55	-0.549999	-1.81899	-1.81898
6.53507	-0.494166	-1.3154	-1.24156	6.565	-0.754748	6.5	-0.749999	-0.909789	-3.63914
6.45449	-0.719302	-1.34805	-1.62548	6.4494	-0.940848	6.45	-0.949999	-0.909781	-3.63911
6.42486	-0.81751	-1.10641	-1.69221	6.44213	-1.11266	6.4	-1.1	-1.0002	-3.00061
6.35557	-1.04626	-1.15681	-2.04435	6.34405	-1.26138	6.35	-1.25	-1.0002	-3.00061
6.32832	-1.16409	-0.987879	-2.10561	6.39474	-1.36501	6.3	-1.35	-1.00035	-2.00072
6.26838	-1.33235	-1.02202	-2.25918	6.25356	-1.42931	6.25	-1.45	-1.00036	-2.00072
6.28199	-1.49094	-0.525677	-2.47076	6.24787	-1.61119	6.25	-1.6	0	-2.99288
6.24511	-1.66826	-0.559808	-2.60053	6.23547	-1.75335	6.25	-1.75	0	-2.99285
6.28997	-1.86523	-0.0465329	-2.85271	6.41111	-1.93027	6.3	-1.9	0.909739	-2.72921
6.29656	-2.03011	-0.0295671	-2.87128	6.34873	-2.05372	6.35	-2.05	0.909735	-2.72921
6.31586	-2.19512	0.00258608	-2.88226	6.53066	-2.26346	6.35	-2.2	0	-2.72782
6.32742	-2.34401	0.0292989	-2.85846	6.36917	-2.33894	6.35	-2.35	0	-2.72779
6.33141	-2.5056	0.07845	-2.88907	6.27034	-2.51837	6.35	-2.55	0	-3.63689
6.33121	-2.68978	0.0619347	-2.94938	6.34287	-2.73391	6.35	-2.75	0	-3.63689
6.38211	-2.89163	0.386479	-3.15704	6.45883	-2.92313	6.4	-2.9	0.908854	-2.72658
6.41117	-3.06098	0.404298	-3.14616	6.43866	-3.06257	6.45	-3.05	0.908859	-2.72658
6.44716	-3.24614	0.501022	-3.21263	6.49154	-3.20004	6.5	-3.2	0.908863	-2.72658
6.49649	-3.38766	0.557688	-3.1281	6.53579	-3.34211	6.55	-3.35	0.908855	-2.72655
6.54343	-3.56972	0.613839	-3.16407	6.70146	-3.53446	6.6	-3.5	0.908714	-2.72613
6.60429	-3.69958	0.684584	-3.05812	6.64657	-3.63945	6.65	-3.65	0.908702	-2.72611
6.65174	-3.87583	0.748473	-3.10433	6.70956	-3.81739	6.7	-3.8	0.909565	-2.72871
6.71527	-4.01153	0.806406	-3.02057	6.74885	-3.96368	6.75	-3.95	0.909561	-2.72869
6.74938	-4.16993	0.761626	-2.9871	6.73758	-4.06653	6.8	-4.1	0.908566	-2.72568
6.8165	-4.29948	0.825543	-2.90331	6.85796	-4.25464	6.85	-4.25	0.908561	-2.72569
6.90997	-4.49949	1.10912	-3.1221	7.10395	-4.49091	6.95	-4.4	1.81821	-2.72732
7.00291	-4.62388	1.19099	-3.00857	7.04679	-4.55716	7.05	-4.55	1.81822	-2.72732
7.04983	-4.77397	1.09885	-2.93608	7.02393	-4.64459	7.1	-4.7	0.91085	-2.73253
7.12559	-4.90552	1.14029	-2.86558	7.13435	-4.85502	7.15	-4.85	0.910837	-2.73251
7.16858	-5.03446	1.01747	-2.76402	7.24619	-4.97656	7.2	-4.95	1.00033	-2.00068
7.24232	-5.12802	1.07947	-2.65818	7.25317	-5.04605	7.25	-5.05	1.00033	-2.00066
7.32175	-5.28855	1.36681	-2.89653	7.22054	-5.09604	7.35	-5.2	1.9976	-2.9964
7.4112	-5.40156	1.42107	-2.81974	7.43604	-5.34825	7.45	-5.35	1.9976	-2.9964
7.44203	-5.51396	1.10764	-2.5589	7.40989	-5.38617	7.5	-5.45	0.908252	-1.8165
7.52691	-5.6207	1.16843	-2.47672	7.55662	-5.56714	7.55	-5.55	0.908244	-1.81648
7.59057	-5.76125	1.30903	-2.59747	7.39379	-5.52612	7.65	-5.7	1.81785	-2.72677
7.6964	-5.87233	1.39071	-2.51911	7.76459	-5.8425	7.75	-5.85	1.81785	-2.72677
7.74315	-5.9821	1.12105	-2.29099	7.84699	-6.00602	7.8	-5.95	0.909078	-1.81815
7.82672	-6.08142	1.17546	-2.22621	7.85921	-6.04502	7.85	-6.05	0.909073	-1.81815
7.91576	-6.22678	1.38954	-2.40763	7.89511	-6.1416	7.95	-6.2	1.8197	-2.72955
8.00903	-6.35178	1.4282	-2.38803	8.05619	-6.36041	8.05	-6.35	1.81969	-2.72953
8.11539	-6.50751	1.58605	-2.52276	8.2234	-6.53735	8.15	-6.5	1.8187	-2.72807
8.21626	-6.64066	1.61722	-2.50765	8.25446	-6.64851	8.25	-6.65	1.81869	-2.72804
8.26992	-6.74489	1.32844	-2.25536	8.32206	-6.77114	8.3	-6.75	0.908979	-1.81795
8.33956	-6.86287	1.32243	-2.24216	8.31728	-6.8399	8.35	-6.85	0.908979	-1.81795
8.40255	-6.97858	1.31749	-2.23892	8.2713	-6.91098	8.4	-7	0.909094	-2.72732
8.4596	-7.12218	1.27877	-2.28825	8.44183	-7.15372	8.45	-7.15	0.909102	-2.72732
8.55635	-7.27432	1.48541	-2.47648	8.54154	-7.25975	8.55	-7.3	1.81751	-2.72628
8.63657	-7.42661	1.47817	-2.51301	8.65899	-7.4699	8.65	-7.45	1.81752	-2.72628
8.69993	-7.54473	1.25539	-2.30504	8.83598	-7.68162	8.7	-7.55	0.908615	-1.81723
8.77241	-7.6622	1.26517	-2.28326	8.76769	-7.64094	8.75	-7.65	0.908607	-1.81721
8.86115	-7.80793	1.46141	-2.46726	8.77916	-7.72457	8.85	-7.8	1.8215	-2.73224
8.94466	-7.94402	1.46847	-2.46804	8.95669	-7.95155	8.95	-7.95	1.82148	-2.73221
9.03504	-8.08324	1.52791	-2.52362	9.1081	-8.22433	9	-8.1	0.999025	-2.99707
9.09206	-8.22609	1.48107	-2.56481	9.05476	-8.24211	9.05	-8.25	0.999015	-2.99704
9.13352	-8.325	1.15576	-2.24881	9.13825	-8.4037	9.1	-8.35	0.908285	-1.81657
9.18114	-8.45605	1.11866	-2.26835	9.14025	-8.44981	9.15	-8.45	0.908268	-1.81655
9.25075	-8.58952	1.18907	-2.33796	9.22081	-8.59155	9.2	-8.6	0.91012	-2.73036
9.2922	-8.73888	1.13107	-2.38957	9.25031	-8.76071	9.25	-8.75	0.910112	-2.73033
9.35768	-8.87413	1.16347	-2.42265	9.30208	-8.90831	9.3	-8.9	0.909524	-2.72856
9.3947	-9.02839	1.09847	-2.47511	9.34431	-9.04587	9.35	-9.05	0.909524	-2.72856
9.45971	-9.1639	1.1849	-2.56502	9.39993	-9.18842	9.4	-9.2	0.999066	-2.99725
9.48861	-9.32415	1.10936	-2.64219	9.4452	-9.37195	9.45	-9.35	0.999075	-2.99724
9.54397	-9.46336	1.08366	-2.61517	9.48751	-9.46421	9.5	-9.5	0.909706	-2.7291
9.5834	-9.62534	1.03425	-2.65974	9.55098	-9.64789	9.55	-9.65	0.909706	-2.7291
9.63512	-9.75894	1.05449	-2.68225	9.57122	-9.75525	9.6	-9.8	1.00048	-3.00143
9.66387	-9.91424	0.995662	-2.73423	9.62408	-9.94149	9.65	-9.95	1.00046	-3.00141
9.69303	-10.0271	0.879202	-2.60509	9.61433	-9.96417	9.7	-10.05	0.998785	-1.99755
9.74037	-10.1545	0.887418	-2.59767	9.7457	-10.1502	9.75	-10.15	0.998775	-1.99754
9.7663	-10.269	0.692183	-2.37781	9.77731	-10.3295	9.75	-10.3	0	-2.72851
9.78692	-10.4184	0.648463	-2.42266	9.76557	-10.4501	9.75	-10.45	0	-2.72849
9.84632	-10.5797	0.775738	-2.56812	9.89592	-10.7137	9.8	-10.6	0.909012	-2.72704
9.87354	-10.7348	0.737615	-2.60167	9.85066	-10.7537	9.85	-10.75	0.909012	-2.72703
9.89711	-10.8476	0.62779	-2.47269	9.84397	-10.9287	9.85	-10.9	0	-3.00318
9.89784	-11.0014	0.551291	-2.54527	9.85693	-11.0512	9.85	-11.05	0	-3.00316
9.91621	-11.1188	0.545765	-2.54016	9.74773	-11.0482	9.85	-11.2	0	-3.00013
9.90131	-11.2868	0.440255	-2.63855	9.84407	-11.3565	9.85	-11.35	0	-3.00012
9.92481	-11.4218	0.470875	-2.67771	9.79495	-11.4686	9.85	-11.5	0	-2.99592
9.9058	-11.5922	0.365395	-2.7656	9.83943	-11.6467	9.85	-11.65	0	-2.99592
9.87607	-11.6729	-0.00566638	-2.28595	9.76634	-11.6976	9.8	-11.75	-0.908731	-1.81746
9.83057	-11.8278	-0.115594	-2.35793	9.74774	-11.8511	9.75	-11.85	-0.908731	-1.81746
9.82368	-11.9549	-0.161847	-2.29566	9.7856	-12.1262	9.7	-12	-0.909591	-2.72875
9.75397	-12.1185	-0.309864	-2.38821	9.64482	-12.1455	9.65	-12.15	-0.909582	-2.72873
9.72968	-12.2397	-0.345353	-2.33997	9.57233	-12.2948	9.6	-12.3	-0.908879	-2.72667
9.64915	-12.4111	-0.496567	-2.44366	9.55167	-12.4583	9.55	-12.45	-0.908879	-2.72665
9.58006	-12.4784	-0.779129	-2.035	9.37132	-12.4833	9.45	-12.55	-1.82006	-1.82006
9.47222	-12.627	-0.937516	-2.12587	9.359	-12.6499	9.35	-12.65	-1.82005	-1.82005
9.38042	-12.6567	-1.25374	-1.647	9.16109	-12.6848	9.2	-12.75	-3.00047	-2.00033
9.21399	-12.7959	-1.50654	-1.78804	9.028	-12.8337	9.05	-12.85	-3.00048	-2.00033
9.09934	-12.8379	-1.70135	-1.47448	8.85918	-12.7953	8.95	-12.9	-1.81543	-0.907707
8.94617	-12.9501	-1.84649	-1.55089	8.84257	-12.9684	8.85	-12.95	-1.81542	-0.907708
8.83279	-13.0138	-1.91039	-1.44418	8.66865	-13.0114	8.7	-13.05	-2.73134	-1.82089
8.6631	-13.1256	-2.06879	-1.52384	8.55319	-13.1445	8.55	-13.15	-2.73135	-1.82089
8.50383	-13.085	-2.46502	-0.811994	8.27267	-12.996	8.4	-13.15	-2.99683	0
8.33758	-13.1442	-2.56945	-0.858372	8.25965	-13.1488	8.25	-13.15	-2.9968	0
8.18958	-13.1831	-2.56097	-0.879016	8.04571	-13.0646	8.1	-13.2	-2.72707	-0.909028
8.01557	-13.2457	-2.64194	-0.914249	7.95841	-13.2508	7.95	-13.25	-2.72705	-0.90902
7.86089	-13.2656	-2.77423	-0.644813	7.86599	-13.4154	7.8	-13.25	-2.7295	0
7.68464	-13.298	-2.82956	-0.641606	7.62489	-13.249	7.65	-13.25	-2.7295	0
7.53162	-13.2998	-2.92494	-0.440187	7.50783	-13.2944	7.5	-13.25	-2.99994	0
7.37783	-13.3098	-2.93976	-0.416586	7.3419	-13.2474	7.35	-13.25	-2.99994	0
7.19209	-13.2666	-3.13388	0.0141631	7.19781	-13.1973	7.2	-13.2	-2.72698	0.908995
7.04088	-13.2398	-3.07802	0.0714592	7.04935	-13.1606	7.05	-13.15	-2.72695	0.908987
6.85728	-13.2027	-3.1458	0.222088	6.79473	-13.0433	6.85	-13.15	-3.63709	0
6.67524	-13.1872	-3.16656	0.227908	6.65123	-13.1604	6.65	-13.15	-3.63709	0
6.50828	-13.1434	-3.27039	0.486452	6.54114	-13.2079	6.5	-13.1	-3.0006	1.00018
6.35523	-13.1017	-3.24161	0.523491	6.35317	-13.0396	6.35	-13.05	-3.0006	1.00019
6.19445	-13.1327	-3.08371	0.114353	6.27012	-13.1139	6.25	-13.05	-1.81729	0
6.07616	-13.0989	-2.95556	0.177403	6.14459	-13.0471	6.15	-13.05	-1.81729	0
5.8927	-13.0154	-3.14298	0.682987	5.99498	-12.9442	6	-12.95	-2.72861	1.81906
5.78611	-12.9366	-2.97667	0.775879	5.86379	-12.8408	5.85	-12.85	-2.72861	1.81907
5.63409	-12.8849	-3.01346	0.878428	5.73761	-12.8672	5.7	-12.8	-2.99988	0.999964
5.51624	-12.8168	-2.92987	0.931785	5.55118	-12.7486	5.55	-12.75	-2.99985	0.999954
5.37278	-12.7817	-2.90053	0.847416	5.45236	-12.7392	5.45	-12.7	-2.00001	1
5.28237	-12.71	-2.76377	0.913486	5.35556	-12.6423	5.35	-12.65	-1.99998	0.999994
5.13388	-12.6263	-2.85069	1.17208	5.26451	-12.5511	5.25	-12.55	-1.99732	1.99733
5.055	-12.5309	-2.69022	1.25418	5.13769	-12.4355	5.15	-12.45	-1.9973	1.9973
4.9103	-12.4625	-2.71662	1.34194	5.1317	-12.5744	5.05	-12.35	-1.8206	1.82059
4.84127	-12.3463	-2.51635	1.43813	4.94432	-12.2438	4.95	-12.25	-1.82058	1.82058
4.69757	-12.2065	-2.68005	1.93668	4.89215	-12.1623	4.85	-12.1	-1.9998	2.99969
4.64447	-12.0667	-2.4777	2.03355	4.75047	-11.9578	4.75	-11.95	-1.9998	2.9997
4.5225	-11.9771	-2.42721	1.87788	4.6421	-11.7788	4.7	-11.85	-1.00002	2.00003
4.49885	-11.8408	-2.1848	1.97558	4.63967	-11.7513	4.65	-11.75	-1.00001	2.00002
4.37926	-11.7067	-2.26947	2.22967	4.58347	-11.632	4.6	-11.6	-0.998955	2.99688
4.38609	-11.5475	-1.97187	2.34111	4.56619	-11.4576	4.55	-11.45	-0.99896	2.99689
4.27793	-11.4031	-2.0222	2.484	4.46846	-11.2092	4.5	-11.3	-1.00106	3.00319
4.29052	-11.2331	-1.74163	2.59238	4.46017	-11.1425	4.45	-11.15	-1.00106	3.00319
4.21824	-11.155	-1.57313	2.13256	4.43672	-11.0976	4.45	-11.05	0	1.8168
4.25317	-10.998	-1.27561	2.22985	4.43803	-10.9525	4.45	-10.95	0	1.81679
4.18261	-10.8689	-1.31104	2.32357	4.40556	-10.7068	4.45	-10.8	0	3.00139
4.24891	-10.7097	-0.988703	2.43108	4.45507	-10.6618	4.45	-10.65	0	3.00138
4.2224	-10.6391	-0.836424	2.06348	4.44716	-10.5583	4.45	-10.55	0	2.00041
4.2869	-10.497	-0.576244	2.16051	4.45187	-10.4417	4.45	-10.45	0	2.00038
4.25525	-10.3819	-0.581099	2.17347	4.45602	-10.2142	4.5	-10.3	0.999584	2.99875
4.35543	-10.2207	-0.264603	2.3041	4.55349	-10.1343	4.55	-10.15	0.999574	2.99871
4.33475	-10.0824	-0.310135	2.40143	4.56608	-10.005	4.55	-10	0	2.72717
4.41578	-9.90812	-0.0706011	2.50725	4.55922	-9.84124	4.55	-9.85	0	2.72714
4.42651	-9.79337	0.0302095	2.31148	4.62339	-9.6559	4.65	-9.7	1.8193	2.72895
4.55665	-9.61094	0.342662	2.45248	4.7439	-9.53522	4.75	-9.55	1.81929	2.72894
4.56086	-9.46697	0.280094	2.56629	4.74852	-9.27389	4.8	-9.4	1.00006	3.00019
4.68026	-9.29366	0.53512	2.6838	4.8446	-9.24095	4.85	-9.25	1.00005	3.00015
4.75828	-9.22734	0.828581	2.21036	4.98605	-9.20516	4.95	-9.15	2.00004	2.00005
4.88545	-9.0776	1.03549	2.31344	5.02283	-9.03066	5.05	-9.05	2.00004	2.00004
4.9242	-8.9496	0.932193	2.46422	5.12819	-8.95913	5.1	-8.9	0.999704	2.99911
5.03794	-8.7892	1.09442	2.56005	5.14109	-8.73073	5.15	-8.75	0.999689	2.99907
5.15023	-8.70879	1.3706	2.17904	5.33883	-8.81618	5.25	-8.65	1.81848	1.81849
5.27493	-8.56967	1.48776	2.23297	5.36408	-8.56805	5.35	-8.55	1.81846	1.81846
5.32933	-8.43609	1.38211	2.36928	5.38848	-8.31037	5.45	-8.4	2.00068	3.00103
5.4515	-8.28757	1.50887	2.44883	5.53874	-8.25196	5.55	-8.25	2.00066	3.00099
5.55778	-8.18864	1.72432	2.2011	5.56632	-8.04704	5.65	-8.15	1.99952	1.99953
5.6793	-8.06118	1.80755	2.24899	5.7459	-8.05196	5.75	-8.05	1.9995	1.9995
5.76037	-7.94097	1.7514	2.30975	5.78426	-7.91676	5.8	-7.95	0.999944	1.99989
5.84228	-7.83873	1.7363	2.27922	5.84978	-7.88144	5.85	-7.85	0.999939	1.99988
5.94117	-7.7328	1.8218	2.19214	5.92249	-7.69769	5.95	-7.75	1.99772	1.99772
6.03201	-7.62815	1.82014	2.18091	6.04031	-7.64732	6.05	-7.65	1.99771	1.9977
6.14822	-7.52148	1.91252	2.09003	6.16773	-7.55437	6.15	-7.55	1.8199	1.8199
6.24343	-7.42049	1.88829	2.05639	6.23866	-7.45306	6.25	-7.45	1.8199	1.81991
6.36871	-7.33319	2.14066	1.82883	6.25322	-7.17734	6.4	-7.35	2.99605	1.99736
6.49788	-7.23438	2.19095	1.85161	6.55461	-7.24907	6.55	-7.25	2.99605	1.99736
6.64887	-7.15446	2.36474	1.70201	6.67172	-7.23041	6.65	-7.2	1.8206	0.910303
6.75804	-7.09139	2.31436	1.62763	6.74664	-7.15616	6.75	-7.15	1.8206	0.910298
6.84543	-6.99135	2.14032	1.77028	6.79888	-6.99594	6.85	-7.05	1.99848	1.99848
6.9459	-6.91903	2.12321	1.73178	6.95342	-6.96092	6.95	-6.95	1.99846	1.99846
7.09612	-6.84754	2.29889	1.59199	7.17955	-6.9446	7.1	-6.85	2.72688	1.81792
7.23404	-6.74679	2.32605	1.62514	7.24929	-6.7261	7.25	-6.75	2.72688	1.81792
7.33871	-6.64821	2.13277	1.76185	7.42782	-6.72337	7.35	-6.65	1.81821	1.81821
7.45835	-6.54955	2.13816	1.76654	7.46332	-6.54842	7.45	-6.55	1.81821	1.81821
7.59025	-6.45968	2.23341	1.70135	7.54452	-6.5069	7.55	-6.5	1.81726	0.908632
7.68541	-6.40428	2.16778	1.60595	7.65373	-6.46481	7.65	-6.45	1.81726	0.908632
7.85355	-6.34327	2.46326	1.40944	7.8635	-6.45394	7.8	-6.4	2.72951	0.909839
7.96715	-6.29688	2.41178	1.33199	7.94162	-6.34466	7.95	-6.35	2.72948	0.909826
8.0393	-6.20223	2.15383	1.49756	7.89525	-6.11857	8.05	-6.25	2.00047	2.00048
8.13923	-6.13533	2.13608	1.477	8.12355	-6.14389	8.15	-6.15	2.00048	2.00048
8.26925	-6.06071	2.20656	1.43435	8.31423	-6.05705	8.3	-6.05	2.72702	1.81801
8.40726	-5.97127	2.24382	1.46333	8.45315	-5.97158	8.45	-5.95	2.727	1.818
8.51771	-5.8978	2.22651	1.47273	8.53167	-5.90349	8.55	-5.9	2.00127	1.00064
8.631	-5.82595	2.23054	1.46933	8.64207	-5.83392	8.65	-5.85	2.00128	1.00064
8.7758	-5.76859	2.40486	1.3751	8.88764	-5.82241	8.8	-5.75	2.99963	1.99976
8.9125	-5.67698	2.44284	1.43283	8.94256	-5.64534	8.95	-5.65	2.99961	1.99974
9.02023	-5.60424	2.26429	1.5178	9.21669	-5.64514	9.05	-5.55	1.99699	1.997
9.14585	-5.50115	2.29376	1.58437	9.15342	-5.45253	9.15	-5.45	1.997	1.99701
9.23692	-5.39973	2.10036	1.6754	9.16723	-5.29709	9.25	-5.35	1.8166	1.81659
9.35903	-5.28335	2.11681	1.73392	9.34852	-5.23619	9.35	-5.25	1.8166	1.81659
9.45052	-5.17864	1.98697	1.79142	9.39027	-5.1041	9.45	-5.15	1.8222	1.82219
9.55906	-5.07036	1.98689	1.81495	9.54207	-5.04728	9.55	-5.05	1.82219	1.82219
9.68007	-4.98502	2.14683	1.75059	9.62802	-5.02338	9.65	-5	1.99604	0.998028
9.77537	-4.917	2.11924	1.70094	9.75	-4.94288	9.75	-4.95	1.99605	0.998028
9.86573	-4.81709	1.92316	1.77541	9.88102	-4.86216	9.85	-4.85	1.81895	1.81894
9.96192	-4.73761	1.90143	1.73014	9.94502	-4.76247	9.95	-4.75	1.81894	1.81894
10.0399	-4.63608	1.70431	1.80176	10.0747	-4.62454	10.05	-4.6	1.81966	2.72951
10.1422	-4.50546	1.72516	1.87899	10.1384	-4.4533	10.15	-4.45	1.81965	2.72948
10.2287	-4.39862	1.70564	1.88682	10.1743	-4.32841	10.25	-4.35	1.81908	1.81907
10.331	-4.2792	1.72473	1.92614	10.3492	-4.25956	10.35	-4.25	1.81908	1.81907
10.4221	-4.18622	1.70048	1.93196	10.56	-4.15868	10.45	-4.1	2.00061	3.0009
10.527	-4.03754	1.74577	2.06116	10.5557	-3.96034	10.55	-3.95	2.0006	3.0009
10.6463	-3.94137	1.91657	2.01468	10.7738	-3.89129	10.65	-3.85	1.99963	1.99964
10.7486	-3.80656	1.93246	2.09793	10.7394	-3.74821	10.75	-3.75	1.99962	1.99962
10.7688	-3.6916	1.41646	2.22034	10.7674	-3.58281	10.8	-3.6	0.999844	2.99952
10.8535	-3.52509	1.4483	2.35699	10.8596	-3.4348	10.85	-3.45	0.999834	2.99949
10.9617	-3.40995	1.70755	2.30414	10.9601	-3.36033	10.95	-3.35	2.00065	2.00064
11.0504	-3.27837	1.71535	2.34453	11.0504	-3.25128	11.05	-3.25	2.00064	2.00064
11.074	-3.15558	1.30794	2.41898	11.0282	-3.07488	11.1	-3.1	0.998546	2.99563
11.1479	-2.99954	1.32629	2.5052	11.1569	-2.944	11.15	-2.95	0.998526	2.9956
11.1403	-2.85858	0.764095	2.59204	11.1386	-2.78926	11.15	-2.8	0	2.73104
11.1787	-2.69312	0.757097	2.64775	11.141	-2.65084	11.15	-2.65	0	2.73102
11.1776	-2.54522	0.491156	2.6834	11.1042	-2.54354	11.15	-2.55	0	1.81785
11.1919	-2.42476	0.464846	2.61547	11.1497	-2.45904	11.15	-2.45	0	1.81785
11.281	-2.2921	0.991921	2.55756	11.1658	-2.25651	11.25	-2.25	1.99733	3.99465
11.3404	-2.11879	1.01176	2.66942	11.3591	-2.05184	11.35	-2.05	1.99733	3.99465
11.3458	-1.97322	0.678912	2.69405	11.3117	-1.92025	11.35	-1.95	0	1.81854
11.376	-1.84287	0.664539	2.64968	11.3504	-1.8663	11.35	-1.85	0	1.81853
11.3882	-1.69905	0.474475	2.65981	11.4185	-1.70062	11.35	-1.7	0	2.72762
11.4051	-1.54617	0.455645	2.67497	11.3568	-1.53205	11.35	-1.55	0	2.72762
11.3367	-1.40431	-0.162618	2.69479	11.2541	-1.38373	11.3	-1.4	-0.908846	2.72653
11.3136	-1.25263	-0.191518	2.70173	11.2429	-1.24238	11.25	-1.25	-0.908846	2.72653
11.2045	-1.11106	-0.82057	2.70782	11.0754	-1.08747	11.15	-1.1	-1.82014	2.73021
11.1422	-0.949795	-0.855918	2.73681	11.0544	-0.927069	11.05	-0.949999	-1.82013	2.73021
11.0616	-0.814723	-1.0481	2.73513	10.9247	-0.791254	11	-0.799999	-1.00036	3.00107
10.9989	-0.663744	-1.06919	2.76921	10.9434	-0.640459	10.95	-0.65	-1.00035	3.00104
10.8691	-0.534515	-1.52988	2.74747	10.7146	-0.485949	10.85	-0.5	-2.00003	3.00006
10.7855	-0.383716	-1.54454	2.77987	10.7471	-0.362528	10.75	-0.35	-2.00002	3.00003
10.6888	-0.233387	-1.63071	2.77247	10.6895	-0.304531	10.65	-0.3	-1.81779	0.908892
10.5903	-0.156394	-1.6427	2.58665	10.547	-0.266677	10.55	-0.25	-1.81778	0.908893
10.4413	-0.0419893	-2.16357	2.53839	10.5032	-0.154501	10.4	-0.15	-3.00061	2.00041
10.32	0.0324024	-2.18511	2.40875	10.2485	-0.0475524	10.25	-0.0499992	-3.0006	2.00041
10.2165	0.155644	-2.10017	2.41812	10.1407	-0.0721585	10.15	-0.0499992	-1.99645	0
10.1014	0.147692	-2.10822	2.10074	10.0313	-0.0518611	10.05	-0.0499992	-1.99644	0
9.96492	0.256368	-2.32732	2.07544	10.0898	-0.00166396	9.9	9.49949e-07	-2.73175	0.910584
9.8264	0.240674	-2.3384	1.75681	9.74695	0.0464954	9.75	0.0500011	-2.73174	0.910584
9.65188	0.321834	-2.67221	1.72679	9.50401	0.0833188	9.6	0.100001	-2.99544	0.998471
9.51212	0.306225	-2.67601	1.47589	9.45825	0.149456	9.45	0.15	-2.99545	0.998471
9.39072	0.393559	-2.39471	1.50431	9.22819	0.16178	9.35	0.15	-1.81963	0
9.26218	0.340018	-2.37902	1.17032	9.24456	0.139817	9.25	0.15	-1.81962	0
9.10304	0.393742	-2.65072	1.1471	9.0729	0.205961	9.1	0.2	-3.00059	1.0002
8.97256	0.371445	-2.64154	0.951669	8.96281	0.250937	8.95	0.25	-3.0006	1.0002
8.82432	0.416654	-2.76473	0.940384	8.84168	0.257617	8.8	0.25	-2.99995	0
8.68484	0.378063	-2.76201	0.730065	8.65606	0.24536	8.65	0.25	-2.99994	0
8.53049	0.41362	-2.82299	0.725386	8.43549	0.247188	8.5	0.25	-2.99323	0
8.38471	0.3726	-2.82729	0.535175	8.34184	0.250769	8.35	0.25	-2.9932	0
8.24291	0.402623	-2.74106	0.540119	8.27073	0.243988	8.2	0.25	-2.73233	0
8.08637	0.364132	-2.75039	0.372674	8.03847	0.260731	8.05	0.25	-2.73234	0
7.94448	0.381784	-2.79927	0.368292	7.98053	0.204587	7.9	0.2	-3.00234	-1.00078
7.7969	0.301727	-2.81065	0.126316	7.73327	0.149199	7.75	0.15	-3.00231	-1.00077
7.62276	0.307115	-2.96284	0.120046	7.46173	0.143776	7.6	0.15	-2.99599	0
7.47341	0.248912	-2.963	-0.0377094	7.45455	0.149294	7.45	0.15	-2.99596	0
7.37715	0.246823	-2.47628	-0.0263674	7.37986	0.0951006	7.35	0.100001	-1.81801	-0.908998
7.24737	0.168274	-2.46215	-0.215417	7.26713	0.055036	7.25	0.0500011	-1.81801	-0.908998
7.11411	0.156187	-2.56314	-0.217263	7.32548	-0.0461763	7.1	-0.0499995	-2.72495	-1.81664
6.96835	0.0308735	-2.57285	-0.495496	6.93127	-0.133333	6.95	-0.15	-2.72492	-1.81662
6.94447	-0.00907964	-1.81421	-0.530474	7.09668	-0.264116	6.9	-0.25	-0.910634	-1.82126
6.8463	-0.163949	-1.81461	-0.838796	6.84796	-0.34284	6.85	-0.35	-0.910622	-1.82124
6.68059	-0.191492	-2.34053	-0.786498	6.64638	-0.45061	6.7	-0.45	-2.99641	-1.99759
6.55957	-0.354012	-2.35578	-1.08873	6.54772	-0.536719	6.55	-0.549999	-2.99637	-1.99757
6.51771	-0.441119	-1.72576	-1.19371	6.50462	-0.718	6.5	-0.7	-0.909955	-2.72986
6.42356	-0.646727	-1.73775	-1.53638	6.45451	-0.851695	6.45	-0.85	-0.909955	-2.72986
6.40462	-0.753375	-1.26876	-1.65612	6.42547	-0.999512	6.4	-1	-0.999224	-2.99766
6.33559	-0.965048	-1.29895	-1.97071	6.3554	-1.1624	6.35	-1.15	-0.99921	-2.99763
6.27805	-1.08605	-1.14005	-2.02932	6.14523	-1.27904	6.3	-1.3	-0.908722	-2.72618
6.20806	-1.29908	-1.17414	-2.27566	6.2299	-1.45381	6.25	-1.45	-0.908718	-2.72616
6.26678	-1.50532	-0.309393	-2.63967	6.37158	-1.60661	6.3	-1.6	0.910485	-2.73144
6.26153	-1.68521	-0.293114	-2.72268	6.34473	-1.75136	6.35	-1.75	0.910481	-2.73144
6.27432	-1.83964	-0.127085	-2.80325	6.34	-1.88987	6.35	-1.9	0	-2.99515
6.28071	-1.99654	-0.10556	-2.84126	6.35828	-2.03886	6.35	-2.05	0	-2.99515
6.29745	-2.16365	-0.0279226	-2.87857	6.45002	-2.23466	6.35	-2.2	0	-2.72856
6.30311	-2.32562	-0.0139049	-2.88675	6.34057	-2.34076	6.35	-2.35	0	-2.72854
6.35782	-2.52527	0.336607	-3.08871	6.4979	-2.56206	6.4	-2.5	0.908227	-2.7247
6.39572	-2.67207	0.383966	-3.03204	6.45265	-2.65056	6.45	-2.65	0.908223	-2.72467
6.39022	-2.81246	0.135571	-2.87322	6.46538	-2.81029	6.45	-2.8	0	-2.72732
6.41329	-2.95368	0.173364	-2.83225	6.45762	-2.94003	6.45	-2.95	0	-2.7273
6.45593	-3.14292	0.491218	-3.04494	6.36717	-3.08903	6.5	-3.15	0.909078	-3.6363
6.49347	-3.31475	0.512291	-3.05424	6.54349	-3.33906	6.55	-3.35	0.90907	-3.63626
6.53967	-3.49496	0.589454	-3.10612	6.6454	-3.53435	6.6	-3.5	0.910038	-2.7301
6.59075	-3.65862	0.631241	-3.08792	6.65608	-3.67065	6.65	-3.65	0.910033	-2.7301
6.62919	-3.82944	0.622701	-3.07928	6.70981	-3.81998	6.7	-3.8	0.908095	-2.7243
6.6869	-3.97623	0.679334	-3.02382	6.74422	-3.95901	6.75	-3.95	0.908091	-2.72428
6.71116	-4.13023	0.59276	-2.95673	6.72525	-4.05329	6.8	-4.1	0.910949	-2.73284
6.77087	-4.26888	0.657801	-2.89875	6.83817	-4.25449	6.85	-4.25	0.910945	-2.73284
6.78763	-4.39685	0.517481	-2.7854	6.86491	-4.32753	6.9	-4.35	0.999834	-1.99968
6.85523	-4.49403	0.61887	-2.68245	6.94879	-4.45387	6.95	-4.45	0.999829	-1.99966
6.92894	-4.66852	0.944263	-2.94273	6.99339	-4.57763	7.05	-4.6	1.99653	-2.99479
7.02195	-4.7814	1.05154	-2.85626	7.14339	-4.76622	7.15	-4.75	1.99653	-2.99479
7.05644	-4.90687	0.918198	-2.74679	7.11889	-4.79341	7.2	-4.85	1.00098	-2.00196
7.15081	-4.99622	1.03558	-2.62914	7.25883	-4.94719	7.25	-4.95	1.00097	-2.00194
7.20622	-5.1383	1.00441	-2.60268	7.28536	-5.09276	7.3	-5.1	0.90969	-2.72906
7.28452	-5.26209	1.05947	-2.55491	7.33925	-5.24908	7.35	-5.25	0.909677	-2.72904
7.37486	-5.42646	1.39181	-2.83084	7.33914	-5.30864	7.45	-5.4	1.99976	-2.99964
7.47222	-5.55145	1.45606	-2.7883	7.5499	-5.55354	7.55	-5.55	1.99976	-2.99964
7.51728	-5.66366	1.22312	-2.59103	7.59167	-5.64447	7.6	-5.65	1.00038	-2.00076
7.60165	-5.76734	1.28028	-2.52796	7.64483	-5.73357	7.65	-5.75	1.00037	-2.00074
7.68315	-5.91815	1.40842	-2.63708	7.6402	-5.81769	7.75	-5.9	1.81659	-2.7249
7.78343	-6.04969	1.46149	-2.6022	7.84396	-6.051	7.85	-6.05	1.81659	-2.7249
7.829	-6.15907	1.16882	-2.3503	7.91394	-6.15143	7.9	-6.15	0.909251	-1.81851
7.91161	-6.27248	1.21289	-2.31106	7.95018	-6.25957	7.95	-6.25	0.909247	-1.81849
7.99513	-6.4144	1.30846	-2.39264	8.10134	-6.38026	8.05	-6.35	1.81576	-1.81577
8.10224	-6.5074	1.3947	-2.29811	8.15891	-6.45832	8.15	-6.45	1.81577	-1.81577
8.20819	-6.65909	1.56357	-2.44211	8.3424	-6.65648	8.25	-6.6	1.8218	-2.73269
8.31011	-6.7737	1.60349	-2.39493	8.33273	-6.74641	8.35	-6.75	1.8218	-2.73269
8.39143	-6.89822	1.50715	-2.31052	8.46635	-6.96022	8.4	-6.9	0.907987	-2.72401
8.46445	-7.0335	1.48338	-2.33066	8.44383	-7.03914	8.45	-7.05	0.907988	-2.72398
8.54562	-7.16093	1.46193	-2.31161	8.53661	-7.23635	8.5	-7.2	0.910054	-2.73014
8.59741	-7.32155	1.39132	-2.39327	8.55761	-7.36836	8.55	-7.35	0.910046	-2.73012
8.6762	-7.44997	1.4382	-2.43625	8.70486	-7.48959	8.65	-7.45	1.99827	-1.99828
8.75238	-7.56588	1.44894	-2.42188	8.7565	-7.55536	8.75	-7.55	1.99828	-1.99828
8.82242	-7.69025	1.40854	-2.38497	8.74707	-7.66927	8.8	-7.7	0.909061	-2.72717
8.8824	-7.83736	1.36614	-2.42435	8.85031	-7.85391	8.85	-7.85	0.909053	-2.72715
8.94853	-7.96201	1.31746	-2.37862	8.88546	-7.96913	8.9	-8	0.908945	-2.72688
8.99279	-8.12315	1.24785	-2.45233	8.95085	-8.16397	8.95	-8.15	0.908953	-2.72687
9.0567	-8.25322	1.22396	-2.42916	9.03618	-8.239	9.05	-8.25	1.82026	-1.82027
9.13646	-8.37156	1.25533	-2.39278	9.15149	-8.34807	9.15	-8.35	1.82025	-1.82026
9.20984	-8.50315	1.37458	-2.50996	9.14011	-8.44049	9.2	-8.5	0.999884	-2.99963
9.26226	-8.64104	1.33548	-2.54108	9.22902	-8.65053	9.25	-8.65	0.999874	-2.9996
9.32281	-8.76241	1.327	-2.53328	9.23666	-8.722	9.3	-8.8	0.999284	-2.99783
9.37488	-8.91009	1.28991	-2.58285	9.36398	-8.95164	9.35	-8.95	0.999284	-2.99784
9.42325	-9.02604	1.06899	-2.35637	9.47823	-9.13791	9.4	-9.05	0.909209	-1.81844
9.46913	-9.16165	1.03879	-2.37241	9.43696	-9.1575	9.45	-9.15	0.90921	-1.81843
9.52477	-9.2913	1.05735	-2.39224	9.44585	-9.27158	9.5	-9.3	0.908483	-2.72543
9.56674	-9.43684	1.01779	-2.42639	9.53884	-9.45193	9.55	-9.45	0.908475	-2.72542
9.63543	-9.58364	1.06886	-2.47981	9.6872	-9.68187	9.6	-9.6	0.909756	-2.72927
9.68326	-9.73364	1.04122	-2.5125	9.67284	-9.75791	9.65	-9.75	0.909739	-2.72923
9.76214	-9.88835	1.15749	-2.63659	9.86489	-10.0711	9.7	-9.9	0.998626	-2.99586
9.796	-10.0366	1.09974	-2.67758	9.74713	-10.0467	9.75	-10.05	0.998616	-2.99584
9.82508	-10.1466	0.869387	-2.42374	9.75497	-10.1932	9.75	-10.2	0	-2.72857
9.82582	-10.3188	0.754479	-2.51947	9.74697	-10.3629	9.75	-10.35	0	-2.72854
9.86913	-10.4607	0.801753	-2.57413	9.77249	-10.4428	9.8	-10.5	0.909773	-2.7293
9.89268	-10.6209	0.751109	-2.61948	9.86261	-10.6462	9.85	-10.65	0.909773	-2.7293
9.91517	-10.7407	0.596857	-2.43989	9.86786	-10.8223	9.85	-10.8	0	-2.72846
9.90881	-10.9061	0.500998	-2.51635	9.8455	-10.9408	9.85	-10.95	0	-2.72844
9.93121	-11.038	0.467185	-2.47616	9.84594	-11.0973	9.85	-11.1	0	-2.72748
9.91052	-11.2098	0.353747	-2.56346	9.83549	-11.2481	9.85	-11.25	0	-2.72745
9.93641	-11.3486	0.393462	-2.61265	9.8926	-11.4631	9.85	-11.4	0	-2.9967
9.91979	-11.5137	0.302713	-2.69472	9.87136	-11.5692	9.85	-11.55	0	-2.99671
9.9201	-11.637	0.139871	-2.48494	9.89882	-11.7746	9.8	-11.7	-0.909227	-2.72768
9.86137	-11.8193	-0.0221696	-2.59735	9.74749	-11.8623	9.75	-11.85	-0.909218	-2.72765
9.84326	-11.9366	-0.157548	-2.41627	9.75738	-12.0161	9.7	-12	-0.908714	-2.72613
9.76779	-12.1132	-0.320595	-2.52382	9.65408	-12.1513	9.65	-12.15	-0.908706	-2.7261
9.72087	-12.206	-0.534492	-2.22553	9.60373	-12.2428	9.6	-12.25	-0.909639	-1.81931
9.64206	-12.3485	-0.65269	-2.27803	9.54006	-12.3354	9.55	-12.35	-0.90964	-1.8193
9.56209	-12.4038	-0.945785	-1.85591	9.38815	-12.3607	9.45	-12.45	-1.81824	-1.81825
9.45425	-12.5332	-1.08066	-1.92501	9.35049	-12.5377	9.35	-12.55	-1.81823	-1.81823
9.37634	-12.603	-1.29156	-1.60437	9.33568	-12.8372	9.2	-12.65	-2.72578	-1.81718
9.21258	-12.7377	-1.51629	-1.72039	9.04708	-12.7528	9.05	-12.75	-2.72576	-1.81717
9.11826	-12.8138	-1.5743	-1.62879	8.97697	-12.8161	8.95	-12.85	-1.8192	-1.81921
8.96585	-12.9345	-1.73419	-1.70669	8.84904	-12.9423	8.85	-12.95	-1.81921	-1.81921
8.85159	-12.9947	-1.83322	-1.54181	8.64934	-12.9537	8.7	-13.05	-2.72781	-1.81854
8.67359	-13.1202	-2.0222	-1.64107	8.5479	-13.1496	8.55	-13.15	-2.7278	-1.81853
8.52137	-13.1152	-2.39967	-0.95533	8.43462	-13.263	8.4	-13.15	-2.72644	0
8.34678	-13.1777	-2.50132	-0.982802	8.26001	-13.1483	8.25	-13.15	-2.72641	0
8.19491	-13.1664	-2.70386	-0.600509	8.10139	-13.1447	8.1	-13.15	-3.00083	0
8.02682	-13.1995	-2.78139	-0.612514	7.95138	-13.1593	7.95	-13.15	-3.00084	0
7.87806	-13.2437	-2.74721	-0.68079	7.85182	-13.2702	7.8	-13.2	-2.72553	-0.908516
7.69846	-13.2868	-2.81517	-0.696635	7.64076	-13.2654	7.65	-13.25	-2.72554	-0.908516
7.51774	-13.253	-3.05632	-0.183819	7.51359	-13.2891	7.5	-13.2	-2.72544	0.908483
7.36509	-13.2348	-3.01328	-0.122217	7.35762	-13.1417	7.35	-13.15	-2.72544	0.908483
7.19767	-13.238	-3.01779	-0.113338	7.19553	-13.2012	7.2	-13.15	-2.73035	0
7.04849	-13.2224	-2.97375	-0.0655302	7.05296	-13.1563	7.05	-13.15	-2.73035	0
6.87735	-13.2037	-3.04237	0.0922063	6.87644	-13.2105	6.85	-13.15	-3.63616	0
6.70225	-13.1887	-3.05856	0.111988	6.672	-13.1364	6.65	-13.15	-3.63617	0
6.54109	-13.2097	-2.96862	-0.11043	6.53838	-13.1322	6.55	-13.15	-1.81656	0
6.41713	-13.1946	-2.87045	-0.0615759	6.46904	-13.1587	6.45	-13.15	-1.81657	0
6.2415	-13.1458	-2.9908	0.240975	6.22921	-13.0167	6.3	-13.1	-2.73109	0.910352
6.11668	-13.1036	-2.89089	0.305672	6.15723	-13.0319	6.15	-13.05	-2.73109	0.91036
5.92887	-12.9953	-3.11483	0.894711	5.95573	-12.8757	6	-12.95	-2.72331	1.81553
5.80454	-12.9151	-2.99594	0.964078	5.85711	-12.8423	5.85	-12.85	-2.72331	1.81554
5.64419	-12.874	-2.97361	0.9056	5.73901	-12.8863	5.7	-12.8	-2.72842	0.909475
5.51546	-12.8033	-2.88649	0.9527	5.5559	-12.7556	5.55	-12.75	-2.72839	0.909466
5.34652	-12.7111	-2.98627	1.2403	5.41889	-12.699	5.4	-12.65	-2.731	1.82067
5.21162	-12.6186	-2.91179	1.29382	5.23681	-12.5467	5.25	-12.55	-2.731	1.82066
5.04922	-12.5374	-2.93666	1.37001	5.16911	-12.5003	5.15	-12.45	-1.81821	1.8182
4.95919	-12.4268	-2.75881	1.44982	5.04959	-12.3548	5.05	-12.35	-1.8182	1.8182
4.82141	-12.3504	-2.77796	1.51232	4.99996	-12.3538	4.95	-12.25	-1.99957	1.99957
4.76362	-12.234	-2.57543	1.60382	4.86969	-12.1416	4.85	-12.15	-1.99954	1.99955
4.63819	-12.1677	-2.53661	1.48476	4.83937	-12.0439	4.8	-12.05	-0.999954	1.99993
4.62096	-12.0433	-2.26388	1.59863	4.77326	-11.9345	4.75	-11.95	-0.999959	1.99992
4.4842	-11.8879	-2.41739	2.05646	4.5839	-11.6711	4.65	-11.8	-2.0002	3.00031
4.44044	-11.7435	-2.2243	2.14975	4.54148	-11.6336	4.55	-11.65	-2.0002	3.0003
4.34045	-11.6749	-2.12398	1.84935	4.53697	-11.5591	4.55	-11.55	0	1.99749
4.36052	-11.5353	-1.81211	1.96035	4.55238	-11.4548	4.55	-11.45	0	1.99746
4.23584	-11.3513	-1.99679	2.49205	4.47604	-11.2089	4.5	-11.25	-0.90916	3.63662
4.26278	-11.1588	-1.6594	2.62288	4.45629	-11.0538	4.45	-11.05	-0.909152	3.63659
4.19733	-11.085	-1.4469	2.04806	4.39651	-10.8822	4.45	-10.95	0	1.81807
4.25645	-10.9253	-1.10721	2.16328	4.45899	-10.8664	4.45	-10.85	0	1.81808
4.19824	-10.8114	-1.10927	2.17199	4.493	-10.7885	4.45	-10.7	0	2.72865
4.26482	-10.6406	-0.796263	2.29695	4.44058	-10.5544	4.45	-10.55	0	2.72864
4.22187	-10.5152	-0.785916	2.2744	4.44399	-10.3941	4.45	-10.4	0	2.72392
4.2912	-10.3395	-0.50949	2.39708	4.44086	-10.2469	4.45	-10.25	0	2.72391
4.27218	-10.2253	-0.46525	2.30114	4.53204	-10.1814	4.5	-10.1	0.909624	2.72885
4.37484	-10.0419	-0.151541	2.44164	4.54793	-9.94716	4.55	-9.95	0.909615	2.72884
4.37171	-9.91416	-0.098592	2.33773	4.57622	-9.70975	4.6	-9.8	0.909111	2.72733
4.48459	-9.7301	0.190202	2.47599	4.64364	-9.63888	4.65	-9.65	0.909107	2.72732
4.51133	-9.61919	0.279677	2.31273	4.76627	-9.54952	4.75	-9.5	1.81921	2.7288
4.65082	-9.43787	0.580458	2.45204	4.82761	-9.37054	4.85	-9.35	1.81921	2.7288
4.68268	-9.30198	0.580681	2.4537	4.89701	-9.18082	4.9	-9.2	0.908739	2.72622
4.81081	-9.11693	0.813847	2.58113	4.94177	-9.04086	4.95	-9.05	0.908743	2.72623
4.901	-9.03215	1.06118	2.20525	5.09012	-9.06486	5.05	-8.95	1.8169	1.81688
5.03106	-8.87732	1.23311	2.29374	5.1385	-8.8446	5.15	-8.85	1.81688	1.81688
5.10165	-8.7527	1.25928	2.2596	5.21345	-8.63875	5.25	-8.7	1.8201	2.73014
5.23899	-8.59154	1.42265	2.3564	5.33853	-8.54729	5.35	-8.55	1.82008	2.73013
5.32632	-8.46934	1.48959	2.27324	5.35874	-8.39385	5.4	-8.45	0.910244	1.82049
5.42502	-8.34232	1.52859	2.28239	5.46213	-8.36055	5.45	-8.35	0.910249	1.8205
5.49469	-8.22707	1.44279	2.38047	5.63723	-8.3352	5.55	-8.2	1.99657	2.99484
5.59589	-8.08821	1.51204	2.43121	5.63863	-8.05978	5.65	-8.05	1.99657	2.99485
5.70765	-7.97487	1.71919	2.20494	5.69655	-7.84304	5.75	-7.95	1.81871	1.81872
5.81583	-7.84837	1.75105	2.22036	5.84353	-7.85177	5.85	-7.85	1.81871	1.81871
5.94335	-7.74979	1.95492	2.01057	5.9537	-7.7033	6	-7.75	2.72961	1.81974
6.07793	-7.63423	2.01712	2.02955	6.14453	-7.66253	6.15	-7.65	2.72961	1.81974
6.1839	-7.53863	2.02828	2.01721	6.27	-7.55894	6.25	-7.55	1.9992	1.9992
6.301	-7.43257	2.06405	2.0335	6.3386	-7.44193	6.35	-7.45	1.99918	1.99918
6.4192	-7.32452	2.08831	2.0114	6.44365	-7.32743	6.45	-7.35	1.81911	1.81911
6.53344	-7.22393	2.08558	1.98903	6.54947	-7.257	6.55	-7.25	1.81909	1.81909
6.65269	-7.13763	2.14661	1.9343	6.71635	-7.22979	6.65	-7.15	1.99996	1.99996
6.75883	-7.03941	2.14422	1.93724	6.7522	-7.03215	6.75	-7.05	1.99996	1.99996
6.89024	-6.95535	2.31456	1.80291	6.81357	-6.96259	6.85	-7	1.99752	0.998765
6.98255	-6.89143	2.25861	1.73648	6.95051	-6.93564	6.95	-6.95	1.99752	0.998765
7.11012	-6.79516	2.31491	1.69584	7.00414	-6.76319	7.1	-6.85	2.73035	1.82023
7.23588	-6.71562	2.30994	1.66461	7.25571	-6.75585	7.25	-6.75	2.73035	1.82023
7.33267	-6.62073	2.20572	1.74078	7.28718	-6.59248	7.35	-6.65	2.0006	2.0006
7.43762	-6.53977	2.19325	1.72543	7.42947	-6.54884	7.45	-6.55	2.00058	2.00058
7.57146	-6.46754	2.33162	1.62966	7.58756	-6.53752	7.55	-6.5	1.99841	0.999204
7.67252	-6.40721	2.29459	1.57661	7.65263	-6.44325	7.65	-6.45	1.99838	0.999195
7.83685	-6.35251	2.63194	1.35716	7.78988	-6.37954	7.8	-6.4	2.99952	0.999844
7.95938	-6.30271	2.6096	1.31319	7.95705	-6.33998	7.95	-6.35	2.99949	0.999829
8.05317	-6.21035	2.2255	1.54808	8.1289	-6.31809	8.05	-6.25	1.81603	1.81603
8.16785	-6.13325	2.20735	1.5271	8.15184	-6.14215	8.15	-6.15	1.81603	1.81603
8.25289	-6.02917	2.01995	1.64126	8.12981	-5.95044	8.25	-6.05	1.81921	1.81921
8.35852	-5.94529	2.00746	1.62511	8.34844	-5.95288	8.35	-5.95	1.81921	1.81921
8.52408	-5.87842	2.40525	1.40203	8.45627	-5.87026	8.5	-5.9	2.729	0.909673
8.64966	-5.81449	2.38941	1.36973	8.64546	-5.83668	8.65	-5.85	2.72898	0.909661
8.77758	-5.73518	2.41254	1.35941	8.68227	-5.68169	8.8	-5.75	2.72771	1.81848
8.92019	-5.65573	2.43443	1.37294	8.95179	-5.66017	8.95	-5.65	2.72772	1.81848
9.00185	-5.57112	2.17875	1.50087	8.99196	-5.51961	9.05	-5.55	1.99939	1.9994
9.12476	-5.47719	2.21055	1.54872	9.15234	-5.45358	9.15	-5.45	1.9994	1.9994
9.24448	-5.39188	2.18789	1.55881	9.25593	-5.41629	9.25	-5.4	1.81776	0.90888
9.35748	-5.31872	2.17083	1.52735	9.3462	-5.33648	9.35	-5.35	1.81776	0.908875
9.40576	-5.20961	1.71017	1.73307	9.35852	-5.15981	9.45	-5.2	1.81545	2.72317
9.51673	-5.09318	1.74789	1.78658	9.55586	-5.07162	9.55	-5.05	1.81542	2.72314
9.6152	-4.99471	1.78685	1.77153	9.60543	-4.91132	9.65	-4.95	1.82145	1.82147
9.72763	-4.87203	1.81962	1.83507	9.75218	-4.8384	9.75	-4.85	1.82146	1.82146
9.84866	-4.78061	1.87887	1.80992	10.0131	-4.84834	9.85	-4.75	1.81961	1.8196
9.95495	-4.67312	1.88599	1.82967	9.9571	-4.66087	9.95	-4.65	1.8196	1.8196
10.0441	-4.57886	1.88122	1.8325	9.99977	-4.51909	10.05	-4.55	1.99827	1.99828
10.1464	-4.46681	1.9	1.88284	10.1558	-4.43582	10.15	-4.45	1.99826	1.99826
10.2148	-4.35357	1.69415	1.9506	10.1567	-4.25503	10.25	-4.3	1.81693	2.72538
10.3195	-4.2145	1.72062	2.02893	10.3312	-4.16698	10.35	-4.15	1.81692	2.72536
10.4257	-4.10344	1.83709	1.99623	10.3715	-4.04505	10.45	-4.05	1.81951	1.8195
10.5366	-3.97148	1.85921	2.05165	10.5551	-3.94162	10.55	-3.95	1.8195	1.81951
10.6403	-3.85889	1.86867	2.04918	10.6459	-3.84961	10.65	-3.85	1.81817	1.81818
10.7437	-3.7457	1.86998	2.05048	10.746	-3.7455	10.75	-3.75	1.81816	1.81817
10.8456	-3.63454	1.81575	2.06212	10.9384	-3.6422	10.85	-3.6	1.81621	2.7243
10.9507	-3.49316	1.82774	2.13028	10.9457	-3.45027	10.95	-3.45	1.8162	2.7243
10.9957	-3.37213	1.38986	2.22077	11.1095	-3.32648	11	-3.3	0.908632	2.72588
11.0727	-3.21611	1.39253	2.30271	11.0435	-3.16012	11.05	-3.15	0.908632	2.72588
11.1054	-3.0829	1.16547	2.34662	10.9851	-2.95299	11.1	-3	0.909905	2.72971
11.1725	-2.91607	1.1731	2.439	11.1542	-2.85724	11.15	-2.85	0.909888	2.72968
11.1487	-2.77507	0.633257	2.52264	11.0233	-2.67356	11.15	-2.7	0	2.72847
11.1785	-2.60751	0.623746	2.59207	11.1324	-2.55807	11.15	-2.55	0	2.72844
11.1826	-2.46583	0.378338	2.62152	11.2541	-2.42353	11.15	-2.4	0	2.72732
11.1978	-2.30117	0.367191	2.67062	11.1569	-2.2658	11.15	-2.25	0	2.72732
11.2954	-2.15118	0.960252	2.61569	11.2203	-2.08998	11.25	-2.1	1.81905	2.72856
11.3508	-1.98204	0.965594	2.67786	11.3482	-1.94557	11.35	-1.95	1.81905	2.72856
11.2994	-1.84259	0.178608	2.72384	11.3928	-1.80815	11.3	-1.8	-0.90916	2.72747
11.2987	-1.67413	0.157227	2.76822	11.2389	-1.64141	11.25	-1.65	-0.909152	2.72745
11.2989	-1.52306	0.0782408	2.77061	11.3341	-1.51762	11.25	-1.5	0	2.72321
11.2968	-1.36248	0.0651007	2.78943	11.2625	-1.34833	11.25	-1.35	0	2.72321
11.2413	-1.21684	-0.393664	2.79254	11.3121	-1.19064	11.2	-1.2	-0.909524	2.72856
11.2088	-1.06126	-0.415512	2.79653	11.1556	-1.0549	11.15	-1.05	-0.909524	2.72856
11.0833	-0.918554	-1.0985	2.78748	10.9982	-0.893223	11.05	-0.9	-1.81945	2.72916
11.01	-0.753197	-1.12501	2.8161	10.9445	-0.73319	10.95	-0.75	-1.81942	2.72913
10.9385	-0.597435	-1.13552	2.81756	10.8362	-0.586	10.9	-0.599999	-0.909839	2.72952
10.8697	-0.442286	-1.14827	2.81781	10.8388	-0.441032	10.85	-0.449999	-0.909822	2.72949
10.6923	-0.323162	-1.97312	2.75678	10.6309	-0.359954	10.7	-0.349999	-2.99538	1.99692
10.5866	-0.210371	-1.98465	2.69434	10.5529	-0.247121	10.55	-0.25	-2.99539	1.99691
10.4907	-0.0580786	-1.85611	2.70693	10.4322	-0.19515	10.45	-0.2	-1.81715	0.908579
10.383	-0.0051526	-1.85919	2.47111	10.3505	-0.143257	10.35	-0.15	-1.81716	0.908579
10.2323	0.120785	-2.19818	2.43627	10.2068	-0.109014	10.2	-0.0999996	-2.73194	0.910655
10.1045	0.13161	-2.20175	2.13453	10.0541	-0.0441275	10.05	-0.0499992	-2.73194	0.910655
9.9509	0.244153	-2.40028	2.11498	9.89001	0.00816785	9.9	9.49949e-07	-2.72481	0.908268
9.81242	0.234923	-2.4026	1.80668	9.75876	0.0560308	9.75	0.0500011	-2.72477	0.90826
9.70363	0.339164	-2.1908	1.82771	9.63528	0.0929341	9.65	0.100001	-1.81759	0.908784
9.58521	0.319199	-2.17714	1.5325	9.56967	0.149506	9.55	0.15	-1.81757	0.908775
9.4467	0.398282	-2.37534	1.51019	9.56225	0.148577	9.4	0.15	-2.72659	0
9.31093	0.344492	-2.37567	1.17452	9.25348	0.150166	9.25	0.15	-2.72658	0
9.15483	0.406635	-2.5141	1.16293	9.0821	0.207802	9.1	0.2	-2.72925	0.909752
9.00674	0.377208	-2.52814	0.933639	8.93575	0.243169	8.95	0.25	-2.72926	0.909752
8.85741	0.425992	-2.6506	0.921608	8.94634	0.26481	8.8	0.25	-2.72783	0
8.70408	0.385155	-2.66061	0.696954	8.64483	0.254352	8.65	0.25	-2.7278	0
8.54335	0.422522	-2.71601	0.692506	8.46866	0.251128	8.5	0.25	-2.72395	0
8.39122	0.373442	-2.71679	0.478663	8.35775	0.250149	8.35	0.25	-2.72395	0
8.24161	0.398924	-2.7391	0.475675	8.28111	0.196974	8.2	0.2	-2.73278	-0.910929
8.0852	0.313042	-2.74643	0.200991	8.03004	0.154113	8.05	0.15	-2.73279	-0.910929
7.8584	0.32021	-3.32325	0.176709	7.74678	0.154598	7.85	0.15	-3.9992	0
7.68566	0.254517	-3.33361	-0.0064364	7.63715	0.143302	7.65	0.15	-3.99916	0
7.60004	0.254489	-2.75799	0.00788833	7.61982	0.157052	7.55	0.15	-1.99868	0
7.45944	0.217465	-2.7623	-0.0841152	7.43926	0.160393	7.45	0.15	-1.99866	0
7.3089	0.212499	-2.77071	-0.0851616	7.34481	0.102019	7.3	0.100001	-2.72622	-0.908734
7.15984	0.142015	-2.76327	-0.246586	7.16771	0.0463372	7.15	0.0500011	-2.72623	-0.908734
7.05723	0.126062	-2.40341	-0.24901	7.05721	-0.05037	7.05	-0.0499995	-1.81887	-1.81889
6.93102	0.00636929	-2.39181	-0.508918	6.95035	-0.144849	6.95	-0.15	-1.81888	-1.81889
6.84107	-0.0269444	-2.11078	-0.524342	6.87212	-0.243254	6.85	-0.25	-1.81792	-1.81792
6.73188	-0.176914	-2.10017	-0.821129	6.76317	-0.34818	6.75	-0.35	-1.81792	-1.81792
6.645	-0.227142	-1.96462	-0.836821	6.75759	-0.453523	6.65	-0.45	-1.81881	-1.8188
6.53999	-0.389483	-1.96574	-1.12163	6.56412	-0.553924	6.55	-0.549999	-1.81879	-1.81878
6.4793	-0.463638	-1.71078	-1.16572	6.60439	-0.765755	6.45	-0.749999	-1.81971	-3.63941
6.37529	-0.699827	-1.74812	-1.58698	6.36344	-0.942514	6.35	-0.949999	-1.81969	-3.63937
6.40211	-0.834696	-0.909288	-1.81594	6.35624	-1.10001	6.35	-1.1	0	-2.99522
6.34905	-1.0555	-0.944763	-2.13278	6.36321	-1.25111	6.35	-1.25	0	-2.99519
6.34627	-1.20449	-0.579121	-2.2703	6.30992	-1.40686	6.35	-1.4	0	-2.72817
6.3122	-1.41857	-0.601794	-2.48639	6.35537	-1.55723	6.35	-1.55	0	-2.72817
6.33528	-1.58755	-0.295839	-2.61843	6.50996	-1.74616	6.35	-1.7	0	-2.72628
6.31961	-1.77115	-0.304095	-2.71324	6.35448	-1.83673	6.35	-1.85	0	-2.72628
6.31914	-1.92884	-0.234724	-2.74613	6.38849	-2.02257	6.35	-2	0	-2.73154
6.31075	-2.09914	-0.230471	-2.79215	6.35078	-2.13767	6.35	-2.15	0	-2.73152
6.30624	-2.24513	-0.172903	-2.82462	6.28921	-2.27735	6.35	-2.3	0	-2.99503
6.3006	-2.40279	-0.1715	-2.86263	6.33355	-2.43768	6.35	-2.45	0	-2.99503
6.33472	-2.60032	0.192125	-3.08624	6.30986	-2.56694	6.4	-2.6	0.909996	-2.73
6.36933	-2.75422	0.247055	-3.04698	6.45623	-2.7536	6.45	-2.75	0.91	-2.73
6.40231	-2.94084	0.415664	-3.15762	6.40481	-2.87127	6.5	-2.9	0.907593	-2.72277
6.4602	-3.06859	0.503115	-3.0458	6.54629	-3.01951	6.55	-3.05	0.907584	-2.72274
6.49791	-3.23552	0.448433	-3.00163	6.70928	-3.32749	6.55	-3.25	0	-3.63617
6.52265	-3.41766	0.443713	-3.04163	6.54763	-3.45513	6.55	-3.45	0	-3.63613
6.55794	-3.59752	0.559779	-3.12764	6.52015	-3.55608	6.6	-3.6	0.909673	-2.72901
6.60533	-3.75186	0.600306	-3.08495	6.64571	-3.73674	6.65	-3.75	0.909661	-2.72898
6.64649	-3.92864	0.65608	-3.12621	6.71319	-3.83967	6.75	-3.85	1.81795	-1.81795
6.74096	-4.0251	0.802969	-2.94438	6.85201	-3.93663	6.85	-3.95	1.81793	-1.81793
6.83254	-4.22057	1.00723	-3.09039	7.13409	-4.28567	6.9	-4.15	0.909979	-3.63994
6.91115	-4.36167	1.06519	-3.021	6.9548	-4.32855	6.95	-4.35	0.909975	-3.6399
6.93974	-4.49866	0.816877	-2.82541	7.00947	-4.44692	7	-4.45	0.907889	-1.81577
7.01426	-4.61115	0.892288	-2.7218	7.05586	-4.55105	7.05	-4.55	0.907881	-1.81576
7.07964	-4.77414	0.98769	-2.79555	7.15974	-4.75194	7.1	-4.7	0.909789	-2.72935
7.14529	-4.89421	1.02139	-2.7164	7.13261	-4.82718	7.15	-4.85	0.909777	-2.72933
7.23747	-5.07694	1.29268	-2.93544	7.2829	-5.01975	7.25	-5	1.81861	-2.72792
7.32819	-5.20378	1.34436	-2.85293	7.34301	-5.14642	7.35	-5.15	1.81859	-2.72789
7.37575	-5.32965	1.23536	-2.76418	7.32687	-5.26205	7.4	-5.3	0.999994	-3
7.44569	-5.45929	1.25527	-2.74318	7.46174	-5.44979	7.45	-5.45	0.999999	-3
7.49965	-5.59737	1.18463	-2.68423	7.47116	-5.48352	7.55	-5.55	1.81749	-1.81749
7.5999	-5.70503	1.27122	-2.58682	7.65989	-5.6552	7.65	-5.65	1.81747	-1.81747
7.66584	-5.8416	1.18874	-2.5158	7.78563	-5.85993	7.7	-5.8	0.909598	-2.72881
7.73942	-5.97037	1.2091	-2.49264	7.75276	-5.95823	7.75	-5.95	0.909594	-2.72878
7.80107	-6.10362	1.20223	-2.48699	7.79663	-6.00945	7.85	-6.05	1.81964	-1.81964
7.89949	-6.20303	1.28221	-2.39639	7.95034	-6.15505	7.95	-6.15	1.81962	-1.81962
8.00696	-6.36295	1.60537	-2.67312	8.04642	-6.30578	8.05	-6.3	1.99731	-2.99599
8.1092	-6.47398	1.65874	-2.61716	8.14855	-6.44643	8.15	-6.45	1.99732	-2.99598
8.1638	-6.58269	1.34286	-2.34264	8.26534	-6.60186	8.2	-6.55	0.909111	-1.81822
8.24906	-6.6905	1.37302	-2.29265	8.25279	-6.64996	8.25	-6.65	0.909111	-1.81822
8.31634	-6.81041	1.37193	-2.29274	8.2109	-6.73286	8.3	-6.8	0.90845	-2.72534
8.38051	-6.94445	1.34522	-2.31267	8.35448	-6.94719	8.35	-6.95	0.908442	-2.72531
8.49675	-7.11045	1.58464	-2.52563	8.61718	-7.22425	8.45	-7.1	1.81925	-2.72886
8.57388	-7.25342	1.56175	-2.53688	8.54666	-7.24803	8.55	-7.25	1.81924	-2.72886
8.65444	-7.38729	1.51177	-2.49098	8.69659	-7.3744	8.65	-7.35	1.82079	-1.8208
8.75123	-7.49464	1.54913	-2.42173	8.74711	-7.43338	8.75	-7.45	1.8208	-1.8208
8.82266	-7.61161	1.58086	-2.45169	8.68846	-7.50096	8.8	-7.6	0.997629	-2.99288
8.88561	-7.74644	1.54228	-2.48204	8.84984	-7.75349	8.85	-7.75	0.997629	-2.99288
8.93406	-7.84828	1.33822	-2.29292	8.77486	-7.80083	8.9	-7.9	0.909127	-2.72742
8.97899	-8.01128	1.26612	-2.38177	8.94604	-8.07116	8.95	-8.05	0.909127	-2.7274
9.02009	-8.11339	1.08459	-2.20777	8.92041	-8.11276	9	-8.15	0.909524	-1.81903
9.06273	-8.24231	1.04518	-2.22806	9.01893	-8.23506	9.05	-8.25	0.909516	-1.81902
9.12358	-8.369	1.09527	-2.27756	9.04724	-8.3711	9.1	-8.4	0.909922	-2.72975
9.17305	-8.50851	1.06808	-2.31186	9.1628	-8.53304	9.15	-8.55	0.909913	-2.72976
9.24955	-8.65676	1.28072	-2.52511	9.09379	-8.55764	9.25	-8.7	1.8169	-2.72535
9.32154	-8.80969	1.28077	-2.55602	9.3508	-8.85468	9.35	-8.85	1.81688	-2.72532
9.38831	-8.94588	1.24115	-2.51569	9.40597	-8.96981	9.4	-9	0.910219	-2.73069
9.44593	-9.10777	1.21201	-2.57068	9.45338	-9.162	9.45	-9.15	0.910228	-2.73069
9.51237	-9.24214	1.21802	-2.57661	9.51544	-9.36256	9.5	-9.3	0.997908	-2.99371
9.56273	-9.39482	1.18822	-2.631	9.56994	-9.45148	9.55	-9.45	0.997908	-2.99372
9.59962	-9.50607	0.940382	-2.3682	9.62712	-9.59131	9.6	-9.55	0.909971	-1.81993
9.64571	-9.64646	0.925411	-2.39211	9.64603	-9.66938	9.65	-9.65	0.909954	-1.81992
9.68197	-9.76125	0.820798	-2.28014	9.63311	-9.79216	9.65	-9.8	0	-2.73054
9.69511	-9.9171	0.741956	-2.35445	9.64842	-9.95866	9.65	-9.95	0	-2.73053
9.74555	-10.0527	0.899991	-2.53027	9.61381	-9.98703	9.7	-10.1	0.998187	-2.99456
9.77109	-10.2034	0.850207	-2.58721	9.7516	-10.2483	9.75	-10.25	0.998187	-2.99455
9.81962	-10.3483	0.875677	-2.61639	9.7698	-10.3568	9.8	-10.4	0.909806	-2.7294
9.8608	-10.5056	0.856787	-2.64766	9.8633	-10.5382	9.85	-10.55	0.909797	-2.72938
9.88817	-10.6262	0.694306	-2.46063	9.8617	-10.6917	9.85	-10.7	0	-2.72718
9.89098	-10.7976	0.606	-2.54699	9.84674	-10.8547	9.85	-10.85	0	-2.72715
9.90341	-10.9122	0.494167	-2.4154	9.75887	-10.887	9.85	-11	0	-2.72395
9.89816	-11.0813	0.412264	-2.50101	9.86442	-11.1448	9.85	-11.15	0	-2.72395
9.92232	-11.2203	0.408131	-2.49592	9.87245	-11.316	9.85	-11.3	0	-2.73074
9.90462	-11.3937	0.308586	-2.58333	9.85036	-11.4464	9.85	-11.45	0	-2.73075
9.92558	-11.5399	0.294996	-2.56536	9.93142	-11.6783	9.85	-11.6	0	-2.72396
9.90092	-11.7091	0.195388	-2.63419	9.83174	-11.7336	9.85	-11.75	0	-2.72396
9.89782	-11.8224	0.104834	-2.51632	9.80843	-11.8702	9.8	-11.9	-1.0005	-3.00149
9.84485	-11.993	-0.0385794	-2.62517	9.75331	-12.0506	9.75	-12.05	-1.0005	-3.0015
9.78685	-12.0511	-0.478596	-2.02541	9.64519	-12.1714	9.65	-12.15	-1.81799	-1.81797
9.68743	-12.2056	-0.655985	-2.1329	9.55524	-12.2329	9.55	-12.25	-1.81797	-1.81797
9.6505	-12.3221	-0.653439	-2.13742	9.47014	-12.4324	9.45	-12.4	-1.82042	-2.73064
9.51268	-12.5033	-0.902607	-2.29391	9.34172	-12.5587	9.35	-12.55	-1.82041	-2.73063
9.43562	-12.5624	-1.13943	-1.936	9.21558	-12.6577	9.25	-12.65	-1.99893	-1.99891
9.30005	-12.7068	-1.33194	-2.05254	9.16462	-12.7506	9.15	-12.75	-1.99891	-1.9989
9.21189	-12.7923	-1.44043	-1.88005	9.08802	-12.8351	9.05	-12.85	-1.81839	-1.81839
9.07051	-12.9274	-1.59197	-1.95864	8.95936	-12.9426	8.95	-12.95	-1.81838	-1.81838
8.94492	-12.9541	-1.95082	-1.35524	8.8569	-13.1416	8.8	-13	-2.72942	-0.909806
8.77438	-13.0535	-2.10405	-1.41862	8.65422	-13.0444	8.65	-13.05	-2.72941	-0.909806
8.66006	-13.1086	-2.14229	-1.35369	8.49168	-13.0983	8.5	-13.15	-2.99987	-1.99991
8.47666	-13.2138	-2.32907	-1.44585	8.3436	-13.2381	8.35	-13.25	-2.99984	-1.9999
8.3142	-13.1823	-2.66972	-0.80268	8.19421	-13.0768	8.25	-13.2	-1.99797	0.998985
8.18053	-13.2082	-2.66621	-0.773065	8.15674	-13.1486	8.15	-13.15	-1.99797	0.998985
8.03188	-13.2484	-2.65991	-0.787086	7.9999	-13.1879	8	-13.2	-2.73	-0.910004
7.87862	-13.2864	-2.6754	-0.777026	7.85314	-13.2533	7.85	-13.25	-2.73	-0.910004
7.69741	-13.2498	-2.91261	-0.297678	7.57824	-13.1345	7.65	-13.25	-3.62957	0
7.5102	-13.2697	-2.97635	-0.308576	7.45422	-13.2433	7.45	-13.25	-3.62953	0
7.34282	-13.2765	-3.00707	-0.24243	7.33241	-13.2718	7.3	-13.25	-2.7301	0
7.16653	-13.2828	-3.03172	-0.228901	7.13166	-13.2372	7.15	-13.25	-2.73007	0
6.98933	-13.2698	-3.08931	-0.099978	6.97467	-13.1643	7	-13.25	-2.72703	0
6.83353	-13.2647	-3.05357	-0.0759854	6.84852	-13.2404	6.85	-13.25	-2.727	0
6.6546	-13.2312	-3.17083	0.208988	6.7113	-13.2598	6.7	-13.2	-2.72742	0.909144
6.5143	-13.199	-3.08553	0.256224	6.55626	-13.1584	6.55	-13.15	-2.72742	0.909144
6.32444	-13.13	-3.20479	0.549331	6.32545	-12.9303	6.4	-13.1	-2.72703	0.908994
6.19162	-13.0788	-3.09708	0.597915	6.25112	-13.0473	6.25	-13.05	-2.727	0.908995
6.01986	-13.0405	-3.11105	0.634846	6.09711	-13.0021	6.1	-13	-2.73	0.910004
5.89306	-12.9865	-3.00203	0.679401	5.95513	-12.9613	5.95	-12.95	-2.72998	0.909996
5.74802	-12.9587	-3.01993	0.736814	5.89343	-13.1185	5.8	-12.9	-2.99275	0.99759
5.62893	-12.8983	-2.93788	0.788438	5.6635	-12.8347	5.65	-12.85	-2.99275	0.99758
5.46357	-12.8348	-2.99946	0.968588	5.61778	-12.8527	5.55	-12.75	-1.81993	1.81994
5.37013	-12.7364	-2.81971	1.06944	5.45219	-12.6228	5.45	-12.65	-1.81994	1.81994
5.20228	-12.6395	-2.88751	1.26126	5.30917	-12.4284	5.35	-12.55	-1.81722	1.81723
5.13303	-12.5275	-2.6648	1.35865	5.25069	-12.4448	5.25	-12.45	-1.81721	1.81721
4.98067	-12.428	-2.73547	1.56834	5.13338	-12.4375	5.1	-12.35	-2.72881	1.8192
4.88198	-12.3182	-2.60735	1.62241	4.9499	-12.2734	4.95	-12.25	-2.72881	1.81921
4.7443	-12.2496	-2.55874	1.47719	4.92993	-12.1787	4.9	-12.15	-0.908467	1.81693
4.70597	-12.1228	-2.30487	1.58174	4.84027	-12.0359	4.85	-12.05	-0.908462	1.81692
4.56526	-11.9831	-2.44154	1.99477	4.79909	-11.9738	4.75	-11.9	-1.81788	2.72684
4.5208	-11.834	-2.2192	2.08559	4.63814	-11.758	4.65	-11.75	-1.81788	2.72683
4.40133	-11.7353	-2.14221	1.85196	4.50688	-11.4491	4.6	-11.65	-0.909963	1.81994
4.39093	-11.5951	-1.87845	1.94317	4.5399	-11.541	4.55	-11.55	-0.909959	1.81992
4.26504	-11.4182	-2.03849	2.40833	4.46798	-11.2692	4.5	-11.35	-0.909227	3.63689
4.28125	-11.2363	-1.72274	2.52527	4.45518	-11.1556	4.45	-11.15	-0.909218	3.63686
4.21393	-11.1708	-1.55963	2.08155	4.47788	-11.2387	4.4	-11.05	-0.909227	1.81845
4.22954	-11.0169	-1.3105	2.17572	4.36691	-10.9529	4.35	-10.95	-0.909222	1.81844
4.16252	-10.9111	-1.24351	1.99787	4.34978	-10.6819	4.4	-10.8	0.9094	2.72823
4.23453	-10.746	-0.898952	2.13109	4.42489	-10.6572	4.45	-10.65	0.909396	2.72819
4.17926	-10.6149	-0.976358	2.32358	4.45256	-10.5332	4.45	-10.5	0	3.00113
4.26144	-10.4447	-0.654696	2.4551	4.44692	-10.3512	4.45	-10.35	0	3.00113
4.22674	-10.3154	-0.623708	2.38715	4.41237	-9.99477	4.5	-10.2	0.999524	2.99855
4.34029	-10.1374	-0.269304	2.5328	4.5556	-10.0446	4.55	-10.05	0.999524	2.99856
4.32978	-10.0142	-0.241877	2.47902	4.57379	-9.85032	4.6	-9.9	0.998267	2.9948
4.4523	-9.83437	0.086658	2.62001	4.65841	-9.75093	4.65	-9.75	0.998262	2.99479
4.48894	-9.73483	0.322826	2.18272	4.60255	-9.4741	4.7	-9.65	0.910924	1.82187
4.60009	-9.5782	0.549166	2.27882	4.74425	-9.53907	4.75	-9.55	0.910928	1.82186
4.62514	-9.44486	0.517315	2.33536	4.78405	-9.35872	4.8	-9.4	0.908038	2.72411
4.74025	-9.28202	0.726041	2.4264	4.87523	-9.25457	4.85	-9.25	0.908033	2.7241
4.78606	-9.15439	0.772159	2.35496	4.92663	-9.02336	4.95	-9.1	1.81851	2.72776
4.91328	-8.98956	0.975619	2.44954	5.04624	-8.96378	5.05	-8.95	1.81852	2.72777
4.97158	-8.85802	1.01465	2.39509	5.1055	-8.72095	5.15	-8.8	1.8165	2.72476
5.11994	-8.68263	1.23615	2.51088	5.26299	-8.64398	5.25	-8.65	1.8165	2.72475
5.23035	-8.58852	1.48628	2.18151	5.34134	-8.5519	5.35	-8.55	1.82159	1.8216
5.35713	-8.44851	1.59353	2.2369	5.43218	-8.43885	5.45	-8.45	1.82157	1.82157
5.44357	-8.32643	1.56749	2.26678	5.5122	-8.36624	5.5	-8.35	0.908054	1.81609
5.52999	-8.2086	1.56659	2.25163	5.54143	-8.23537	5.55	-8.25	0.908054	1.8161
5.67554	-8.141	1.91488	1.84598	5.72065	-8.20245	5.7	-8.15	2.72851	1.81902
5.80548	-8.02921	1.97268	1.87535	5.85207	-8.0316	5.85	-8.05	2.72849	1.81899
5.88444	-7.90566	1.75738	2.10185	5.99121	-7.96746	5.95	-7.9	1.81851	2.72777
6.00796	-7.7718	1.82106	2.14961	6.04955	-7.75139	6.05	-7.75	1.81852	2.72777
6.12899	-7.67279	1.9213	2.04706	6.20599	-7.74241	6.15	-7.65	1.81739	1.81739
6.23832	-7.55949	1.92953	2.04959	6.2473	-7.56333	6.25	-7.55	1.81739	1.81739
6.35199	-7.45361	1.96108	2.01879	6.39144	-7.48582	6.35	-7.45	1.8164	1.81641
6.45299	-7.34976	1.94441	2.00055	6.44526	-7.36223	6.45	-7.35	1.81638	1.81638
6.59397	-7.26532	2.13609	1.82967	6.66209	-7.31025	6.6	-7.25	2.72856	1.81904
6.72539	-7.15367	2.16888	1.85852	6.74856	-7.14204	6.75	-7.15	2.72856	1.81904
6.83604	-7.04653	2.1137	1.90331	6.83447	-7.05268	6.85	-7.05	1.82066	1.82066
6.95707	-6.94462	2.12424	1.89889	6.97717	-6.96144	6.95	-6.95	1.82065	1.82065
7.09771	-6.8707	2.33279	1.73817	7.13677	-6.88363	7.1	-6.85	2.99976	1.99984
7.23013	-6.76799	2.36973	1.77865	7.2552	-6.74652	7.25	-6.75	2.99976	1.99984
7.28952	-6.64592	2.01373	2.03208	7.234	-6.59525	7.3	-6.65	0.999384	1.99876
7.37617	-6.54933	1.98247	2.01597	7.33491	-6.53948	7.35	-6.55	0.999369	1.99874
7.59645	-6.50021	2.64791	1.55943	7.67988	-6.69347	7.5	-6.55	2.72747	0
7.69929	-6.4702	2.54696	1.41953	7.64389	-6.55777	7.65	-6.55	2.72745	0
7.81572	-6.38672	2.29836	1.57733	7.94309	-6.60222	7.75	-6.45	1.81623	1.81624
7.91241	-6.32416	2.23009	1.5131	7.84566	-6.34021	7.85	-6.35	1.81623	1.81624
8.0634	-6.25195	2.46865	1.36373	7.9171	-6.24084	8	-6.3	2.72648	0.908821
8.17924	-6.20083	2.42216	1.30311	8.14601	-6.23101	8.15	-6.25	2.72645	0.908817
8.25165	-6.10411	1.95371	1.58324	8.37368	-6.18614	8.25	-6.1	1.81898	2.72847
8.36489	-5.99789	1.9688	1.62912	8.35502	-5.95811	8.35	-5.95	1.81897	2.72844
8.53202	-5.93109	2.41051	1.38096	8.43843	-5.87193	8.5	-5.9	2.72647	0.90883
8.65785	-5.86129	2.39514	1.36482	8.64201	-5.86567	8.65	-5.85	2.72645	0.908817
8.75398	-5.7718	2.15401	1.49333	8.76652	-5.75601	8.75	-5.75	1.81789	1.81788
8.87181	-5.67869	2.154	1.51865	8.85198	-5.65134	8.85	-5.65	1.81789	1.81788
9.00369	-5.59698	2.3092	1.44337	8.91028	-5.47662	9	-5.55	2.73109	1.82073
9.13784	-5.49692	2.32733	1.49386	9.13482	-5.45989	9.15	-5.45	2.73106	1.82072
9.24351	-5.40855	2.14576	1.57752	9.32693	-5.39468	9.25	-5.35	1.81796	1.81795
9.3609	-5.30307	2.14667	1.62129	9.33045	-5.26019	9.35	-5.25	1.81794	1.81793
9.49257	-5.21638	2.27685	1.56602	9.4498	-5.12838	9.5	-5.15	2.72905	1.81937
9.6311	-5.0967	2.30876	1.64854	9.63754	-5.04328	9.65	-5.05	2.72903	1.81935
9.68666	-5.00038	1.83767	1.83457	9.83281	-5.00671	9.7	-4.95	0.998666	1.99733
9.77812	-4.88958	1.83894	1.87919	9.74856	-4.84745	9.75	-4.85	0.998656	1.99731
9.88791	-4.79001	1.86291	1.86906	9.96003	-4.81123	9.85	-4.75	1.8172	1.81719
9.98066	-4.68407	1.843	1.87413	9.93394	-4.66432	9.95	-4.65	1.81717	1.81717
10.0876	-4.58343	1.86032	1.8674	10.1357	-4.58625	10.05	-4.55	1.82042	1.82043
10.1838	-4.47061	1.84888	1.89053	10.1444	-4.44253	10.15	-4.45	1.82041	1.82042
10.3318	-4.37613	2.18011	1.78347	10.3185	-4.35401	10.3	-4.35	2.72672	1.81782
10.4538	-4.26689	2.18547	1.81054	10.4496	-4.24828	10.45	-4.25	2.7267	1.8178
10.482	-4.15154	1.50632	2.01023	10.5826	-4.11494	10.5	-4.1	0.908764	2.72628
10.5701	-4.00738	1.51953	2.09182	10.5542	-3.95161	10.55	-3.95	0.908764	2.72628
10.6519	-3.89161	1.51769	2.0929	10.6618	-3.80699	10.65	-3.8	1.8194	2.72911
10.7497	-3.72693	1.55053	2.21516	10.7602	-3.65417	10.75	-3.65	1.81939	2.72908
10.86	-3.60776	1.73074	2.17379	10.8593	-3.57039	10.85	-3.55	1.81839	1.81838
10.9532	-3.48148	1.72713	2.18969	10.9375	-3.46792	10.95	-3.45	1.81838	1.81838
10.9904	-3.35538	1.31745	2.27456	11.0183	-3.30073	11	-3.3	0.908549	2.72563
11.0693	-3.19641	1.33205	2.35747	11.0672	-3.14607	11.05	-3.15	0.908549	2.72564
11.1136	-3.06416	1.14073	2.39205	11.1054	-3.01303	11.1	-3	0.90888	2.72663
11.1752	-2.90066	1.1396	2.4693	11.1428	-2.8481	11.15	-2.85	0.908863	2.72661
11.2167	-2.76288	1.02104	2.48794	11.1758	-2.69942	11.2	-2.7	0.909988	2.72995
11.2732	-2.59292	1.02264	2.56886	11.2495	-2.5409	11.25	-2.55	0.909988	2.72995
11.2343	-2.4558	0.233964	2.65816	11.4549	-2.46508	11.2	-2.4	-0.907692	2.72306
11.2366	-2.28502	0.213069	2.71605	11.1705	-2.24061	11.15	-2.25	-0.907683	2.72304
11.3414	-2.1315	0.939924	2.65027	11.2202	-2.08176	11.25	-2.1	1.8219	2.73284
11.3866	-1.98154	0.92712	2.66042	11.3536	-1.97104	11.35	-1.95	1.82188	2.73281
11.3648	-1.83497	0.494183	2.6899	11.224	-1.77367	11.35	-1.8	0	2.71996
11.389	-1.6699	0.487839	2.73041	11.3661	-1.64386	11.35	-1.65	0	2.71993
11.3758	-1.52051	0.266715	2.74036	11.2691	-1.47976	11.35	-1.5	0	2.73448
11.3823	-1.36128	0.250039	2.76124	11.3391	-1.34511	11.35	-1.35	0	2.73446
11.2678	-1.23548	-0.639597	2.77023	11.2507	-1.19626	11.25	-1.2	-1.99969	2.99952
11.2232	-1.07709	-0.664967	2.81759	11.1532	-1.04324	11.15	-1.05	-1.99967	2.99949
11.1448	-0.937872	-0.890144	2.81712	10.9697	-0.89157	11.1	-0.9	-1.00006	3.00024
11.0955	-0.775972	-0.900414	2.86831	11.0654	-0.742685	11.05	-0.75	-1.00006	3.00021
10.9849	-0.626505	-1.29122	2.85091	10.8913	-0.655608	10.95	-0.649999	-1.81771	1.81773
10.9012	-0.502595	-1.31466	2.76912	10.8418	-0.549005	10.85	-0.549999	-1.81772	1.81773
10.8086	-0.35465	-1.47484	2.75813	10.827	-0.442912	10.75	-0.45	-1.81842	1.8184
10.7164	-0.265048	-1.49286	2.60515	10.6642	-0.353413	10.65	-0.35	-1.8184	1.81839
10.5419	-0.153374	-2.21814	2.54825	10.5503	-0.248633	10.5	-0.25	-3.00035	2.00024
10.4179	-0.0844922	-2.23953	2.4038	10.3487	-0.171899	10.35	-0.15	-3.00032	2.00022
10.3089	0.0371429	-2.18919	2.40871	10.2559	-0.115293	10.25	-0.0999996	-2.00053	1.00027
10.1907	0.0770879	-2.1998	2.21065	10.137	-0.0462889	10.15	-0.0499992	-2.00053	1.00027
10.0888	0.189289	-2.1311	2.21721	10.0717	0.0165033	10.05	9.49949e-07	-2.00009	1.00004
9.97605	0.204503	-2.13516	1.98205	9.92833	0.0556031	9.95	0.0500011	-2.00006	1.00003
9.82408	0.294348	-2.47605	1.94499	9.8478	0.0279858	9.8	0.0500011	-3.00025	0
9.69691	0.253634	-2.47116	1.60615	9.65029	0.0372757	9.65	0.0500011	-3.00024	0
9.54241	0.329055	-2.69655	1.58478	9.54682	0.0997641	9.5	0.100001	-2.99825	0.999409
9.39996	0.30412	-2.70364	1.32848	9.33515	0.138463	9.35	0.15	-2.99825	0.999409
9.31074	0.382806	-2.34619	1.35709	9.46113	0.134275	9.25	0.15	-1.81915	0
9.17932	0.33946	-2.34366	1.06757	9.13787	0.161547	9.15	0.15	-1.81913	0
9.01915	0.387493	-2.65766	1.04136	9.02723	0.196492	9	0.2	-2.99927	0.99976
8.87879	0.365761	-2.66816	0.859746	8.82128	0.250523	8.85	0.25	-2.99927	0.99976
8.71846	0.405944	-2.83683	0.845882	8.67607	0.247512	8.7	0.25	-2.99873	0
8.57537	0.369638	-2.83476	0.652752	8.54916	0.247046	8.55	0.25	-2.99871	0
8.43208	0.406387	-2.74487	0.658534	8.44086	0.253341	8.4	0.25	-2.72872	0
8.2758	0.369294	-2.75239	0.478466	8.2302	0.258614	8.25	0.25	-2.72871	0
8.12179	0.39155	-2.85916	0.470265	8.1066	0.204722	8.1	0.2	-2.99909	-0.9997
7.97818	0.301553	-2.85529	0.191537	7.94777	0.127954	7.95	0.15	-2.9991	-0.9997
7.82285	0.310362	-2.94362	0.187043	7.82213	0.149733	7.8	0.15	-3.00101	0
7.67129	0.254116	-2.95032	0.0257706	7.63383	0.15164	7.65	0.15	-3.00099	0
7.52758	0.255379	-2.79614	0.0292043	7.49691	0.101076	7.5	0.100001	-2.72698	-0.908982
7.37219	0.180022	-2.79807	-0.159752	7.35046	0.0656199	7.35	0.0500011	-2.72695	-0.908974
7.26396	0.170535	-2.49507	-0.158979	7.13188	-0.00451978	7.25	9.49949e-07	-2.00032	-1.00016
7.14279	0.0755876	-2.48763	-0.372559	7.14965	-0.0559868	7.15	-0.0499992	-2.0003	-1.00015
6.964	0.0566884	-2.68639	-0.369366	6.77233	-0.150907	7	-0.15	-2.72534	-1.8169
6.82437	-0.0711549	-2.6714	-0.632967	6.85872	-0.227918	6.85	-0.25	-2.72532	-1.81688
6.78385	-0.118834	-1.95903	-0.686623	6.70421	-0.347264	6.8	-0.349999	-1.00053	-2.00107
6.6955	-0.267844	-1.94503	-0.967841	6.74687	-0.441006	6.75	-0.449999	-1.00054	-2.00107
6.61141	-0.318388	-1.91734	-0.972685	6.72084	-0.550555	6.65	-0.549999	-2.00016	-2.00017
6.51862	-0.467938	-1.91922	-1.22005	6.54837	-0.624094	6.55	-0.65	-2.00016	-2.00017
6.48313	-0.551777	-1.44477	-1.31334	6.40088	-0.78131	6.5	-0.799999	-0.999884	-2.99963
6.41106	-0.750325	-1.45959	-1.63854	6.44859	-0.960126	6.45	-0.949999	-0.999884	-2.99963
6.38443	-0.854717	-1.1305	-1.73152	6.37766	-1.0844	6.4	-1.1	-0.999984	-2.99995
6.32405	-1.05688	-1.15657	-2.01347	6.35596	-1.24356	6.35	-1.25	-0.999969	-2.99992
6.355	-1.20356	-0.619129	-2.20354	6.5527	-1.43518	6.35	-1.4	0	-3.00132
6.31974	-1.40279	-0.645948	-2.41972	6.35503	-1.55184	6.35	-1.55	0	-3.00129
6.30829	-1.55174	-0.485338	-2.48985	6.33086	-1.6454	6.35	-1.65	0	-1.81769
6.28922	-1.70825	-0.473838	-2.53619	6.34356	-1.7483	6.35	-1.75	0	-1.81769
6.31967	-1.87324	-0.0844387	-2.72186	6.34522	-1.96081	6.35	-1.95	0	-3.99976
6.31276	-2.04995	-0.100659	-2.81919	6.34095	-2.12276	6.35	-2.15	0	-3.99972
6.30329	-2.18657	-0.146012	-2.79409	6.3068	-2.23646	6.35	-2.25	0	-2
6.30366	-2.33206	-0.131811	-2.80703	6.34785	-2.35274	6.35	-2.35	0	-1.99998
6.30259	-2.47892	-0.065712	-2.84739	6.26272	-2.46894	6.35	-2.5	0	-3
6.30958	-2.62423	-0.0452741	-2.85329	6.36265	-2.64414	6.35	-2.65	0	-3
6.35194	-2.80639	0.300384	-3.07272	6.38105	-2.77438	6.4	-2.8	1.00003	-3.00012
6.38638	-2.94852	0.344358	-3.04367	6.461	-2.95066	6.45	-2.95	1.00003	-3.00009
6.44935	-3.14114	0.674812	-3.26636	6.50958	-3.15806	6.5	-3.15	0.999284	-3.99712
6.49217	-3.31737	0.689939	-3.29546	6.55345	-3.36165	6.55	-3.35	0.999284	-3.99712
6.51701	-3.48067	0.526704	-3.17252	6.64067	-3.46888	6.6	-3.45	0.909922	-1.81983
6.5756	-3.61167	0.602764	-3.06836	6.63536	-3.55462	6.65	-3.55	0.909917	-1.81984
6.62804	-3.78502	0.764894	-3.18606	6.70376	-3.69784	6.7	-3.7	0.999335	-2.99802
6.69541	-3.90293	0.839335	-3.0862	6.75151	-3.84595	6.75	-3.85	0.99934	-2.99802
6.72276	-4.05914	0.761845	-3.03017	6.65288	-3.91672	6.8	-4	0.908549	-2.72564
6.79409	-4.19197	0.834708	-2.94797	6.85764	-4.15466	6.85	-4.15	0.908537	-2.72561
6.81911	-4.33122	0.624757	-2.7825	6.9447	-4.2991	6.9	-4.25	0.90988	-1.81977
6.89234	-4.42596	0.724705	-2.64281	6.94846	-4.34203	6.95	-4.35	0.909876	-1.81975
6.95562	-4.57951	0.876761	-2.75761	7.09552	-4.55441	7	-4.5	1.00008	-3.00024
7.01594	-4.69033	0.91978	-2.69275	7.03506	-4.6461	7.05	-4.65	1.00008	-3.00024
7.11356	-4.86978	1.25202	-2.95566	7.25009	-4.88515	7.15	-4.8	1.99984	-2.99976
7.20642	-4.98079	1.32715	-2.86628	7.26242	-4.9318	7.25	-4.95	1.99984	-2.99976
7.24457	-5.09629	1.07908	-2.66395	7.33292	-5.08676	7.3	-5.05	1.00028	-2.00057
7.31968	-5.20037	1.13264	-2.59368	7.3521	-5.15533	7.35	-5.15	1.00028	-2.00056
7.37603	-5.32972	1.13177	-2.59271	7.40318	-5.28627	7.4	-5.3	1.00003	-3.00012
7.43643	-5.45349	1.14159	-2.57862	7.44098	-5.44336	7.45	-5.45	1.00004	-3.00012
7.49919	-5.58907	1.21904	-2.64418	7.46878	-5.50726	7.55	-5.55	1.99961	-1.99961
7.59418	-5.68679	1.30178	-2.55935	7.66561	-5.647	7.65	-5.65	1.9996	-1.9996
7.65612	-5.81103	1.25615	-2.52051	7.70927	-5.8194	7.7	-5.8	1.00027	-3.00084
7.72553	-5.94006	1.26958	-2.52629	7.75724	-5.96146	7.75	-5.95	1.00028	-3.00084
7.78798	-6.06736	1.3234	-2.57351	7.71187	-5.94164	7.85	-6.05	1.9998	-1.99981
7.88349	-6.17018	1.39384	-2.50926	7.95005	-6.14609	7.95	-6.15	1.9998	-1.9998
7.93487	-6.27726	1.21619	-2.35566	8.03808	-6.28852	8	-6.25	1.00004	-2.00008
8.01181	-6.37847	1.25556	-2.31496	8.04346	-6.35767	8.05	-6.35	1.00004	-2.00008
8.11025	-6.52783	1.53634	-2.55804	8.1071	-6.48544	8.15	-6.5	1.99951	-2.99928
8.20417	-6.64899	1.57524	-2.53942	8.25742	-6.66007	8.25	-6.65	1.9995	-2.99925
8.25661	-6.7548	1.25987	-2.26165	8.38768	-6.7963	8.3	-6.75	0.90921	-1.81841
8.32846	-6.87569	1.26635	-2.25324	8.33159	-6.8699	8.35	-6.85	0.90921	-1.81841
8.42301	-7.01594	1.40854	-2.3781	8.58336	-7.15056	8.4	-7	1.0001	-3.00036
8.48212	-7.14436	1.3814	-2.4019	8.45779	-7.15285	8.45	-7.15	1.00011	-3.00036
8.54406	-7.25985	1.4245	-2.44251	8.37938	-7.10665	8.55	-7.25	1.99907	-1.99908
8.62776	-7.36758	1.45542	-2.40736	8.647	-7.3454	8.65	-7.35	1.99908	-1.99908
8.7137	-7.50002	1.51902	-2.46505	8.76035	-7.57239	8.7	-7.5	1.00058	-3.00174
8.77795	-7.63733	1.48988	-2.49927	8.76121	-7.66039	8.75	-7.65	1.00057	-3.00171
8.82228	-7.73195	1.25998	-2.28442	8.81118	-7.75569	8.8	-7.75	0.999844	-1.99968
8.87562	-7.84817	1.23829	-2.2909	8.84363	-7.83628	8.85	-7.85	0.999844	-1.99968
8.99122	-8.01613	1.59054	-2.62392	9.07758	-8.1058	8.95	-8	2.00017	-3.00024
9.06466	-8.15262	1.57583	-2.63708	9.05238	-8.15838	9.05	-8.15	2.00014	-3.00021
9.10707	-8.24746	1.32282	-2.39382	9.05557	-8.22632	9.1	-8.25	0.998905	-1.99781
9.17032	-8.3649	1.31688	-2.38909	9.15492	-8.35136	9.15	-8.35	0.998886	-1.99779
9.24257	-8.49528	1.27454	-2.34746	9.30408	-8.57245	9.2	-8.5	0.908863	-2.72657
9.29436	-8.6373	1.23071	-2.3799	9.2543	-8.64461	9.25	-8.65	0.908855	-2.72655
9.34395	-8.75083	1.17505	-2.32603	9.15971	-8.67035	9.3	-8.8	0.909475	-2.72841
9.38377	-8.90705	1.11328	-2.3945	9.35164	-8.95148	9.35	-8.95	0.909466	-2.72839
9.46808	-9.05743	1.28928	-2.57351	9.47941	-9.179	9.4	-9.1	0.999765	-2.99935
9.50113	-9.21262	1.21291	-2.63904	9.44272	-9.24111	9.45	-9.25	0.999774	-2.99934
9.5373	-9.32263	0.966183	-2.38043	9.53008	-9.38561	9.5	-9.35	0.908962	-1.81792
9.5881	-9.45071	0.961582	-2.37449	9.5752	-9.43724	9.55	-9.45	0.908954	-1.8179
9.64148	-9.58196	0.970045	-2.38364	9.60163	-9.60777	9.6	-9.6	0.909988	-2.72996
9.67048	-9.73337	0.910778	-2.43389	9.62903	-9.75552	9.65	-9.75	0.909971	-2.72993
9.73	-9.87853	0.986309	-2.51589	9.69155	-9.89958	9.7	-9.9	0.907972	-2.7239
9.7691	-10.0303	0.949058	-2.54831	9.74482	-10.046	9.75	-10.05	0.907972	-2.72391
9.79459	-10.1395	0.780672	-2.36306	9.69256	-10.1336	9.75	-10.2	0	-2.73106
9.80234	-10.3027	0.693854	-2.44399	9.75264	-10.3488	9.75	-10.35	0	-2.73105
9.86526	-10.46	0.905518	-2.6853	9.82419	-10.5024	9.8	-10.5	1	-2.99999
9.88077	-10.6195	0.832455	-2.74714	9.83234	-10.6514	9.85	-10.65	0.999994	-2.99996
9.91017	-10.7419	0.759899	-2.6627	9.825	-10.7525	9.85	-10.8	0	-3.00047
9.90964	-10.9097	0.664559	-2.74675	9.85033	-10.9603	9.85	-10.95	0	-3.00048
9.91175	-11.0041	0.381211	-2.40377	9.91881	-11.1448	9.85	-11.05	0	-1.9956
9.90744	-11.1396	0.324691	-2.44164	9.86057	-11.1502	9.85	-11.15	0	-1.99559
9.92012	-11.2674	0.302704	-2.41515	9.83851	-11.2795	9.85	-11.3	0	-2.73184
9.90145	-11.4248	0.216677	-2.47625	9.83839	-11.4483	9.85	-11.45	0	-2.73182
9.90615	-11.5408	0.181766	-2.43264	9.79654	-11.5922	9.8	-11.6	-0.998566	-2.9957
9.85754	-11.7038	0.0406149	-2.53413	9.75592	-11.7487	9.75	-11.75	-0.998566	-2.99569
9.86464	-11.8504	0.0786109	-2.5846	9.77699	-11.9246	9.75	-11.9	0	-2.73084
9.82819	-12.0205	-0.0211739	-2.65352	9.75861	-12.0491	9.75	-12.05	0	-2.73085
9.79279	-12.1148	-0.273576	-2.31052	9.63743	-12.1863	9.65	-12.2	-1.81598	-2.72396
9.6983	-12.2945	-0.467976	-2.439	9.56514	-12.3446	9.55	-12.35	-1.81597	-2.72396
9.62894	-12.3565	-0.815845	-1.94107	9.47157	-12.4849	9.45	-12.45	-1.82132	-1.82133
9.49864	-12.5116	-1.02397	-2.06118	9.34752	-12.5408	9.35	-12.55	-1.82131	-1.82131
9.4378	-12.6171	-1.06433	-2.00052	9.32154	-12.7193	9.3	-12.65	-0.908038	-1.81606
9.33235	-12.7471	-1.17719	-2.05136	9.24151	-12.7411	9.25	-12.75	-0.908029	-1.81605
9.21382	-12.7632	-1.57466	-1.42866	9.04013	-12.7738	9.05	-12.85	-3.64007	-1.82004
9.01963	-12.9009	-1.83777	-1.57385	8.83995	-12.9425	8.85	-12.95	-3.64007	-1.82003
8.90672	-12.9383	-1.9976	-1.30506	8.73518	-13.0163	8.75	-13	-1.9959	-0.997948
8.74817	-13.0298	-2.13948	-1.37081	8.6395	-13.0341	8.65	-13.05	-1.9959	-0.997948
8.60715	-13.0564	-2.30834	-1.07217	8.48414	-13.0416	8.5	-13.1	-2.73149	-0.910502
8.43048	-13.1378	-2.43003	-1.12798	8.34268	-13.1451	8.35	-13.15	-2.73146	-0.910485
8.28722	-13.1792	-2.49907	-0.999431	8.19497	-13.1991	8.2	-13.2	-2.72385	-0.907955
8.11873	-13.2445	-2.57375	-1.02574	8.06107	-13.2364	8.05	-13.25	-2.72383	-0.907947
7.95221	-13.2426	-2.75763	-0.664258	7.88931	-13.1791	7.9	-13.25	-2.72673	0
7.78875	-13.2754	-2.78443	-0.658032	7.75593	-13.2425	7.75	-13.25	-2.72673	0
7.61288	-13.2585	-2.93108	-0.358246	7.52542	-13.1457	7.6	-13.25	-2.72991	0
7.45592	-13.268	-2.91916	-0.336307	7.44992	-13.2329	7.45	-13.25	-2.72991	0
7.2608	-13.1954	-3.1922	0.253983	7.19347	-13.1392	7.25	-13.2	-3.63887	0.909723
7.07638	-13.1798	-3.21299	0.256109	7.05468	-13.1604	7.05	-13.15	-3.63887	0.909723
6.90708	-13.1905	-3.13192	0.06854	6.90569	-13.1515	6.9	-13.15	-2.72312	0
6.73886	-13.1758	-3.11934	0.0919158	6.73255	-13.1364	6.75	-13.15	-2.72312	0
6.59345	-13.1917	-3.09812	0.0476486	6.69426	-13.3705	6.6	-13.15	-3.00475	0
6.43904	-13.1808	-3.09545	0.0652172	6.42749	-13.1436	6.45	-13.15	-3.00472	0
6.2824	-13.1649	-3.14515	0.19853	6.4246	-13.2048	6.35	-13.1	-1.9976	0.998786
6.17881	-13.1233	-3.0099	0.270086	6.2503	-13.0552	6.25	-13.05	-1.99758	0.998786
6.01137	-13.0939	-3.06816	0.430113	6.162	-13.1569	6.1	-13	-2.72732	0.909111
5.89446	-13.0338	-2.93691	0.511547	5.95166	-12.9396	5.95	-12.95	-2.72732	0.909111
5.72432	-12.9786	-2.99614	0.671601	5.78184	-12.8825	5.8	-12.9	-2.72895	0.909657
5.60151	-12.9135	-2.89048	0.734656	5.64785	-12.8416	5.65	-12.85	-2.72896	0.909648
5.43178	-12.8326	-2.99073	1.02163	5.54035	-12.7925	5.55	-12.75	-1.81808	1.81809
5.34275	-12.7372	-2.80263	1.11092	5.43842	-12.6552	5.45	-12.65	-1.81809	1.81809
5.17928	-12.6414	-2.88873	1.36222	5.33087	-12.5965	5.3	-12.55	-2.7236	1.81575
5.06827	-12.535	-2.76763	1.43221	5.12059	-12.4527	5.15	-12.45	-2.72358	1.81572
4.92389	-12.4738	-2.75571	1.4049	5.13793	-12.5907	5.05	-12.35	-1.81967	1.81966
4.85585	-12.3481	-2.54681	1.51374	4.95241	-12.2277	4.95	-12.25	-1.81967	1.81967
4.70151	-12.2149	-2.65335	1.83534	4.81467	-12.1072	4.85	-12.1	-1.81844	2.72766
4.64437	-12.0668	-2.43192	1.94171	4.75144	-11.9561	4.75	-11.95	-1.81844	2.72767
4.51342	-11.9758	-2.36925	1.74892	4.6829	-11.7433	4.7	-11.85	-0.909557	1.8191
4.50769	-11.8308	-2.06217	1.86281	4.67603	-11.7496	4.65	-11.75	-0.909553	1.81911
4.39086	-11.7162	-2.09397	1.95873	4.61619	-11.6508	4.6	-11.6	-0.907782	2.72335
4.39313	-11.5546	-1.80276	2.08269	4.5432	-11.4431	4.55	-11.45	-0.907778	2.72334
4.2684	-11.3653	-1.9711	2.55943	4.48104	-11.1618	4.5	-11.25	-0.910253	3.64099
4.28314	-11.1717	-1.66751	2.68367	4.44374	-11.0696	4.45	-11.05	-0.910253	3.64099
4.22132	-11.1042	-1.44763	2.09248	4.46178	-10.9843	4.45	-10.95	0	1.81804
4.27033	-10.9405	-1.13202	2.2099	4.4464	-10.8663	4.45	-10.85	0	1.81805
4.23952	-10.8929	-0.992867	1.8625	4.60972	-11.1274	4.45	-10.75	0	1.81614
4.29616	-10.7385	-0.718524	1.9858	4.43858	-10.6346	4.45	-10.65	0	1.81614
4.22639	-10.5612	-0.914015	2.45587	4.43099	-10.4242	4.45	-10.45	0	3.6396
4.29569	-10.367	-0.619478	2.59742	4.44616	-10.2449	4.45	-10.25	0	3.6396
4.27372	-10.2472	-0.537724	2.41818	4.52156	-10.1192	4.5	-10.1	0.910021	2.73005
4.37711	-10.0528	-0.211951	2.5688	4.55225	-9.94382	4.55	-9.95	0.910013	2.73003
4.36355	-9.91717	-0.217003	2.58176	4.5897	-9.73456	4.6	-9.8	0.999085	2.99725
4.47268	-9.73516	0.0757196	2.71469	4.64586	-9.65356	4.65	-9.65	0.99908	2.99724
4.50403	-9.62304	0.2789	2.345	4.61159	-9.38621	4.7	-9.55	0.910095	1.82021
4.60577	-9.46561	0.486914	2.42279	4.7442	-9.45683	4.75	-9.45	0.910091	1.82018
4.63511	-9.35012	0.522009	2.36493	4.80746	-9.23434	4.85	-9.3	1.99828	2.99743
4.76804	-9.19007	0.779072	2.47707	4.94202	-9.15915	4.95	-9.15	1.99826	2.99739
4.81047	-9.05509	0.756191	2.51223	5.03379	-9.03255	5	-9	0.908384	2.72514
4.93361	-8.8797	0.952266	2.61036	5.06039	-8.84271	5.05	-8.85	0.908384	2.72514
5.03278	-8.79147	1.20743	2.24501	5.21058	-8.83852	5.15	-8.75	1.81679	1.8168
5.15923	-8.64748	1.34966	2.30358	5.26598	-8.6555	5.25	-8.65	1.81679	1.8168
5.23747	-8.52581	1.36658	2.2813	5.33786	-8.49992	5.35	-8.5	1.82017	2.73024
5.35901	-8.37827	1.47705	2.34136	5.43516	-8.36367	5.45	-8.35	1.82015	2.73022
5.46673	-8.27644	1.62047	2.16609	5.58025	-8.28767	5.55	-8.25	1.81852	1.81852
5.58723	-8.14912	1.69353	2.19237	5.65225	-8.1686	5.65	-8.15	1.8185	1.8185
5.70991	-8.05881	1.8359	2.02829	5.83663	-8.14888	5.75	-8.05	1.81752	1.81753
5.81074	-7.94817	1.83535	2.02615	5.81186	-7.95139	5.85	-7.95	1.81752	1.81752
5.92742	-7.85295	1.90699	1.94742	5.99151	-7.92468	5.95	-7.85	1.8194	1.8194
6.03637	-7.74514	1.91646	1.95032	6.04627	-7.74932	6.05	-7.75	1.81941	1.8194
6.10862	-7.60784	1.74597	2.12399	6.05883	-7.47931	6.15	-7.6	1.81742	2.72613
6.22915	-7.46968	1.80426	2.17808	6.26179	-7.43797	6.25	-7.45	1.8174	2.72611
6.3687	-7.37528	2.07995	1.92681	6.3458	-7.29797	6.4	-7.35	2.7248	1.81653
6.50752	-7.25381	2.13665	1.96818	6.55234	-7.24441	6.55	-7.25	2.72477	1.81651
6.64928	-7.16059	2.29376	1.8357	6.61964	-7.17343	6.65	-7.2	1.81957	0.909789
6.75496	-7.09026	2.24406	1.76127	6.74556	-7.15305	6.75	-7.15	1.81957	0.909785
6.89664	-7.00626	2.3466	1.677	6.91901	-7.04822	6.9	-7.05	2.72946	1.81964
7.03498	-6.91647	2.36698	1.67449	7.06886	-6.94012	7.05	-6.95	2.72946	1.81964
7.13727	-6.80824	2.18615	1.81096	7.12574	-6.81829	7.15	-6.85	1.81554	1.81554
7.25256	-6.71825	2.17351	1.78738	7.25262	-6.73852	7.25	-6.75	1.81554	1.81554
7.35488	-6.6099	2.07327	1.85976	7.30586	-6.61905	7.35	-6.65	1.82007	1.82007
7.46199	-6.5186	2.05687	1.83303	7.45762	-6.53827	7.45	-6.55	1.82005	1.82005
7.62874	-6.44539	2.40948	1.59386	7.59546	-6.48319	7.6	-6.5	2.72628	0.908764
7.74539	-6.38904	2.37051	1.5177	7.74315	-6.44913	7.75	-6.45	2.72628	0.908764
7.87256	-6.30531	2.33105	1.54161	7.8486	-6.40709	7.85	-6.4	1.81656	0.908285
7.97529	-6.26493	2.26956	1.43229	7.9584	-6.34152	7.95	-6.35	1.81656	0.908281
8.10108	-6.18664	2.28109	1.42497	8.05398	-6.23227	8.1	-6.25	2.73006	1.82003
8.22716	-6.11914	2.28121	1.40042	8.24773	-6.1485	8.25	-6.15	2.73005	1.82003
8.36057	-6.04399	2.36215	1.35417	8.32369	-5.98136	8.4	-6.05	2.72692	1.81795
8.50926	-5.95245	2.40476	1.39874	8.55156	-5.93992	8.55	-5.95	2.7269	1.81794
8.61183	-5.86358	2.2003	1.51035	8.63806	-5.84559	8.65	-5.85	1.81844	1.81844
8.74128	-5.76845	2.21993	1.54066	8.7543	-5.75242	8.75	-5.75	1.81843	1.81843
8.89037	-5.69656	2.35284	1.47055	9.00947	-5.71389	8.9	-5.65	2.72464	1.81643
9.03801	-5.5851	2.39514	1.54647	9.06113	-5.54128	9.05	-5.55	2.72465	1.81643
9.1411	-5.48967	2.21291	1.63331	9.13937	-5.44533	9.15	-5.45	1.81916	1.81918
9.26545	-5.37889	2.22115	1.68325	9.24452	-5.3352	9.25	-5.35	1.81916	1.81916
9.37908	-5.28092	2.21754	1.68673	9.26221	-5.25032	9.35	-5.3	1.81895	0.909466
9.47907	-5.22009	2.16793	1.60613	9.43645	-5.25801	9.45	-5.25	1.81894	0.90947
9.56833	-5.12604	1.88461	1.72447	9.71784	-5.19928	9.55	-5.1	1.81986	2.72981
9.67469	-5.00498	1.89342	1.78728	9.64908	-4.9531	9.65	-4.95	1.81987	2.72981
9.76343	-4.89964	1.8431	1.80919	9.67182	-4.82288	9.75	-4.85	1.81736	1.81735
9.87041	-4.78029	1.85678	1.85743	9.86682	-4.74721	9.85	-4.75	1.81736	1.81735
9.96293	-4.67506	1.80448	1.87694	9.94653	-4.64316	9.95	-4.65	1.81806	1.81805
10.0666	-4.56027	1.81485	1.90543	10.0706	-4.54316	10.05	-4.55	1.81805	1.81805
10.2366	-4.47503	2.21	1.77029	10.4074	-4.52899	10.2	-4.45	2.72609	1.8174
10.3574	-4.36886	2.20917	1.79103	10.3431	-4.35107	10.35	-4.35	2.72606	1.81737
10.3823	-4.25053	1.55333	1.99291	10.3837	-4.17982	10.4	-4.2	0.908945	2.72688
10.4717	-4.11474	1.56347	2.05642	10.4578	-4.07071	10.45	-4.05	0.908953	2.72687
10.5816	-4.00484	1.75358	2.00382	10.5531	-3.94939	10.55	-3.95	1.81903	1.81904
10.6752	-3.87674	1.74907	2.04636	10.6424	-3.84126	10.65	-3.85	1.81902	1.81903
10.7499	-3.75748	1.68597	2.06507	10.6157	-3.63689	10.75	-3.7	1.81931	2.72896
10.8532	-3.60187	1.71047	2.16852	10.8572	-3.53957	10.85	-3.55	1.81931	2.72896
10.8887	-3.48549	1.41897	2.23421	10.8149	-3.35552	10.9	-3.4	0.999745	2.99928
10.964	-3.32691	1.43067	2.34822	10.9372	-3.24816	10.95	-3.25	0.999754	2.99928
11.0644	-3.19536	1.67395	2.30555	10.9078	-3.10703	11.05	-3.15	1.81764	1.81765
11.1533	-3.06532	1.66754	2.31274	11.135	-3.05697	11.15	-3.05	1.81763	1.81764
11.1932	-2.93418	1.33163	2.36881	11.1507	-2.87978	11.2	-2.9	0.909657	2.72896
11.2682	-2.78034	1.33594	2.42654	11.2571	-2.74346	11.25	-2.75	0.909648	2.72893
11.2036	-2.6555	0.389411	2.55718	11.2614	-2.58697	11.2	-2.6	-0.998725	2.99617
11.2122	-2.50254	0.368444	2.61624	11.1393	-2.45312	11.15	-2.45	-0.998725	2.99616
11.2654	-2.35785	0.625451	2.58753	11.2346	-2.28949	11.2	-2.3	0.908813	2.72643
11.2915	-2.19808	0.608818	2.62885	11.239	-2.16508	11.25	-2.15	0.908805	2.7264
11.3264	-2.04965	0.71398	2.62278	11.1623	-1.9797	11.3	-2	0.909855	2.72956
11.3638	-1.88435	0.710073	2.67423	11.3424	-1.85113	11.35	-1.85	0.909847	2.72953
